Z04125460                       USGS 
H04125460       4411360854611002626165SW04060103245            850              
N04125460       PINE RIVER AT HIGH SCHOOL BRIDGE NR HOXEYVILLE, MI
Y04125460       
304125460       19530324   1040                4.703                   
304125460       19540409    860                4.393                   
304125460       19550312    760                4.203                   
304125460       19560806   2440                6.823                   
304125460       19570709    620                3.903                   
304125460       19580407    764                4.263                   
304125460       19590408   1380                5.573                   
304125460       19600331   1140                5.163                   
304125460       19610417    658                3.9123                   
304125460       19620331    950                4.703                   
304125460       19630327   1130                4.963                   
304125460       19640501    662                3.783                   
304125460       19650413   1430                5.483                   
304125460       19660211    928                4.723                   
304125460       19661209   1280                5.493                   
304125460       19680202    718                4.153                   
304125460       19690627   1190                5.243                   
304125460       19700603    834                4.483                   
304125460       19710414   1970                6.603                   
304125460       19720415    908                4.473                   
304125460       19730120    741                4.223                   
304125460       19740416   1400                5.753                   
304125460       19750902   1920                6.783                   
304125460       19760328   1440                5.813                   
304125460       19770314   1250                3.833                   
304125460       19780407   1120                3.703                   
304125460       19790401   16002                                       
304125460       19800410    630                3.013                   
304125460       19810429    861                3.383                   
304125460       19820418   1690                4.913                   
304125460       19970329    916                5.956                   
304125460       19980401   1180                6.85                    
304125460       19990724    8002                                       
304125460       20000519    813                6.06                    
304125460       20010413   1470                7.45                    
304125460       20020310    801                6.02                    
304125460       20030512    516                5.22                    
304125460       20040307   1190                6.88                    
304125460       20050401   1100                6.69                    
304125460       20060314   1200                6.89                    
304125460       20070323   1620                7.60                    
304125460       20080614   2870                9.29                    
304125460       20081229    857                6.06                    
304125460       20100313   1150                6.78                    
304125460       20110428   1290                7.02                    
304125460       20120504   2100                8.35                    
304125460       20130411   1120                6.61                    
