Z04162900                       USGS 
H04162900       4232310830252002626099SW0409000323.5           598.8            
N04162900       BIG BEAVER CREEK NEAR WARREN, MI
Y04162900       
304162900       19540325    809               13.05                    
304162900       19550106    316               10.44                    
304162900       19560429   1060               13.90                    
304162900       19570708    701               12.50                    
304162900       19571220    430               11.00                    
304162900       19590402    560               12.53                    
304162900       19600617    527               12.45                    
304162900       19610425    331               10.73                    
304162900       19620312    798               13.55                    
304162900       19630610    340               10.82                    
304162900       19640429    199                9.44                    
304162900       19650210    830               13.68                    
304162900       19651225    350               10.99                    
304162900       19670311    433               10.22                    
304162900       19680626   1240               14.45                    
304162900       19690130    590               11.25                    
304162900       19700617    526               10.84                    
304162900       19710220    390               11.161                   
304162900       19720416    390               10.042                   
304162900       19730627    634               11.17                    
304162900       19740305    6302                                       
304162900       19750419    517               10.13                    
304162900       19760729    535               10.35                    
304162900       19770402    311                8.61                    
304162900       19780321   76.0                6.392                   
304162900       19790414    2215               8.35                    
304162900       19800728    2905               8.97                    
304162900       19810216    2025               7.62                    
304162900       19811001    7725              12.05                    
304162900       19830502    4165               9.63                    
304162900       19840316    2675               8.53                    
304162900       19850223    2345               8.23                    
304162900       19860611    3185               8.97                    
304162900       19861003    1185               7.01                    
304162900       19871215    2095               7.99                    
