Z04037500                       USGS 
H04037500       4615120892705002626053SW0402010250.7           1672.69          
N04037500       CISCO BRANCH ONTONAGON R AT CISCO LAKE OUTLET, MI
Y04037500       
304037500       19450706    1745               1.643                   
304037500       19460625    2295               1.883                   
304037500       19470612    1695               1.603                   
304037500       19471127    1155               1.303                   
304037500       19490707    1985               1.743                   
304037500       19500513    1585               1.643                   
304037500       19510502    2885               2.103                   
304037500       19520722    2605               2.003                   
304037500       19530707    2205               1.843                   
304037500       19540504    2455               1.903                   
304037500       19541016    2285               1.833                   
304037500       19560602    1785               1.623                   
304037500       19570424    1185               1.343                   
304037500       19580706    1505               1.503                   
304037500       19590928    2555               1.943                   
304037500       19600428    2355                                       
304037500       19610521    1915               1.683                   
304037500       19620826    1555               1.563                   
304037500       19630614    1645               1.563                   
304037500       19640525    2015               1.723                   
304037500       19650517    2635               2.003                   
304037500       19660325    1885               1.703                   
304037500       19670617    2405               1.963                   
304037500       19671027    2405               1.983                   
304037500       19690627    1935               5.616                   
304037500       19700531    2295               5.75                    
