Z04135700                       USGS 
H04135700       4436530842720002626039SW04070007401            1070             
N04135700       SOUTH BRANCH AU SABLE RIVER NEAR LUZERNE, MI
Y04135700       
304135700       19670402    654                6.07                    
304135700       19680630    322                5.18                    
304135700       19690511    518                5.68                    
304135700       19700603    466                5.53                    
304135700       19710414    932                6.83                    
304135700       19720420    742                6.32                    
304135700       19730315    546                5.76                    
304135700       19740415    742                6.32                    
304135700       19750903    620                6.04                    
304135700       19760328   1120                7.30                    
304135700       19770316    452                5.50                    
304135700       19780410    548                5.912                   
304135700       19790401    632                6.132                   
304135700       19800410    417                5.402                   
304135700       19810430    494                5.642                   
304135700       19820418    718                6.26                    
304135700       19830601    550                5.78                    
304135700       19840418    431                5.442                   
304135700       19850408    746                6.34                    
304135700       19860329    750                6.352                   
304135700       19870817    306                5.03                    
304135700       19880405    690                6.182                   
304135700       19890330    878                6.70                    
304135700       19910417    758                6.40                    
304135700       19920422    819                6.56                    
304135700       19930831    652                6.11                    
304135700       19940706    606                5.942                   
304135700       19950428    408                5.36                    
304135700       19960621    565                5.862                   
304135700       19970407    940                6.87                    
304135700       19980402    920                6.82                    
304135700       19981007    285                4.96                    
304135700       20000518    339                5.15                    
304135700       20010412    656                6.12                    
304135700       20020412    433                5.58                    
304135700       20030422    299                5.11                    
304135700       20040526    663                6.26                    
304135700       20050402    579                6.02                    
304135700       20060406    593                5.99                    
304135700       20070325    631                6.12                    
304135700       20080613    736                6.36                    
304135700       20090405    596                6.01                    
304135700       20100612    707                6.23                    
304135700       20110429    758                6.41                    
304135700       20120316    699                6.24                    
304135700       20130420   1020                7.07                    
