Z04136500                       USGS 
H04136500       4439360840752002626135SW040700071361           929.60           
N04136500       AU SABLE RIVER AT MIO, MI
Y04136500       
304136500       19530323   27405               4.93                    
304136500       19540728   29205               5.12                    
304136500       19541116   28005               4.98                    
304136500       19551106   28005               4.98                    
304136500       19570809   28705               5.06                    
304136500       19571007   28205               5.02                    
304136500       19581001   26905               4.91                    
304136500       19600418   32605               5.38                    
304136500       19610915   27205               4.93                    
304136500       19611003   34505               5.52                    
304136500       19630510   27505               4.93                    
304136500       19640610   23805               4.65                    
304136500       19650412   33905               5.48                    
304136500       19651009   234025                  2                   
304136500       19661128   27405               4.95                    
304136500       19671113   27605               4.891                   
304136500       19681202   25105               4.622                   
304136500       19700603   27805               4.852                   
304136500       19710413   41605               6.00                    
304136500       19720419   27105               4.79                    
304136500       19721218   29705               5.01                    
304136500       19740415   27805               4.85                    
304136500       19750901   33805               5.35                    
304136500       19760328   41705               6.14                    
304136500       19770801   25905               4.81                    
304136500       19780419   25105               4.74                    
304136500       19790331   25005               4.73                    
304136500       19800519   27105               4.92                    
304136500       19810612   26205               4.92                    
304136500       19820417   25305               4.76                    
304136500       19830508   31705               5.32                    
304136500       19840711   26305               4.97                    
304136500       19841230   30005               5.29                    
304136500       19860930   43805               6.16                    
304136500       19870816   26705               4.99                    
304136500       19880330   26105               4.94                    
304136500       19890330   38905               5.95                    
304136500       19900316   31605               5.40                    
304136500       19910415   41305               6.12                    
304136500       19920422   36705               5.79                    
304136500       19930104   26005               4.93                    
304136500       19940707   33305               5.54                    
304136500       19950321   42505               6.20                    
304136500       19960421   21705               4.53                    
304136500       19970407   38005               5.85                    
304136500       19980401   43805               6.37                    
304136500       19981007   21705               4.61                    
304136500       20000609   14205               3.74                    
304136500       20010412   32805               5.37                    
304136500       20020309   22605               4.48                    
304136500       20030416   14605               3.64                    
304136500       20040524   30305               5.16                    
304136500       20050402   20305               4.24                    
304136500       20060717   25705               4.80                    
304136500       20070322   32605               5.43                    
304136500       20080614   27605               5.00                    
304136500       20090403   24405               4.72                    
304136500       20100613   18805               4.11                    
304136500       20110428   28005               5.08                    
304136500       20120316   21405               4.36                    
304136500       20130419   34305               5.59                    
