Z04043000                       USGS 
H04043000       4655420883323002626061SW04020104705            605.98           
N04043000       STURGEON RIVER NR ARNHEIM, MI
Y04043000       
304043000       19430426   8240               13.93                    
304043000       19440425   7860               13.88                    
304043000       19450328   6820               13.72                    
304043000       19460322   4070               11.195                   
304043000       19470501   5100               12.88                    
304043000       19480421   3510               10.07                    
304043000       19490508   4000               11.30                    
304043000       19500510  11800               14.30                    
304043000       19510430   9250               14.05                    
304043000       19520420  15500               14.57                    
304043000       19530703   3880               11.00                    
304043000       19540416  10800               14.21                    
304043000       19550412   5160               13.18                    
304043000       19560413   3600                9.95                    
304043000       19570422   8900               14.00                    
304043000       19580417   3460                9.80                    
304043000       19590419   4380               11.40                    
304043000       19600425  12200               13.87                    
304043000       19610517   4800               11.60                    
304043000       19620425   3370                9.16                    
304043000       19630404   7100               13.12                    
304043000       19640415   5460               12.42                    
304043000       19650510   6260               12.92                    
304043000       19660426   4830               11.64                    
304043000       19670419   5130               12.06                    
304043000       19680911   4460               10.87                    
304043000       19690415   7500               13.50                    
304043000       19700511   3280                8.60                    
304043000       19710418   9160               13.99                    
304043000       19720503   9760               14.08                    
304043000       19730511   5960               12.76                    
304043000       19740423   7720               13.67                    
