Z04039500                       USGS 
H04039500       4632050891635002626131SW04020102348            1100.00          
N04039500       SOUTH BRANCH ONTONAGON RIVER AT EWEN, MI
Y04039500       
304039500       19390612   3980               15.50                    
304039500       19400521   4520               16.50                    
304039500       19410916   2730               12.50                    
304039500       19420823   4840               16.862                   
304039500       19430425   2770               12.90                    
304039500       19440606   3380               14.10                    
304039500       19450523   3460               14.152                   
304039500       19460625   6640               18.602                   
304039500       19470424   2930               12.882                   
304039500       19480406   1320                8.26                    
304039500       19490507   3860               15.952                   
304039500       19500507   4670               16.552                   
304039500       19510429   6240               18.552                   
304039500       19520419   6710               18.70                    
304039500       19530702   4580               15.502                   
304039500       19540427   5000               17.16                    
304039500       19541016   4090               15.69                    
304039500       19560405   2980               13.00                    
304039500       19570421   4480               15.72                    
304039500       19580406   1900                9.72                    
304039500       19590928   2250               10.87                    
304039500       19600424  13500               22.071                   
304039500       19610328   2440               11.39                    
304039500       19620424   1890                9.54                    
304039500       19630403   3610               14.62                    
304039500       19640414   4050               15.49                    
304039500       19650510   4340               15.56                    
304039500       19660319   6020               17.80                    
304039500       19670401   5980               17.76                    
304039500       19680320   2820               12.40                    
304039500       19690410   5800               17.56                    
304039500       19700601   2960               12.78                    
304039500       19710412   6700               18.50                    
304039500       19720817   5520               17.23                    
304039500       19730310   3840               14.68                    
304039500       19740611   2420               11.03                    
304039500       19750425   5300               16.95                    
304039500       19760417   2860               12.28                    
304039500       19770329   2390               10.95                    
304039500       19780531   3730               14.46                    
304039500       19790423   5480               17.18                    
304039500       19800408   2830               12.46                    
304039500       19810401   3690               14.38                    
304039500       19820417   7700               19.85                    
304039500       19860401   98507              20.99                    
304039500       20130430   9040               33.87                    
