Z04123000                       USGS 
H04123000       4407150861647002626105SW04060101127            615.32           
N04123000       BIG SABLE RIVER NEAR FREESOIL, MI
Y04123000       
304123000       19430327    419                3.002                   
304123000       19440425    207                1.902                   
304123000       19450603    309                3.15                    
304123000       19460308    495                3.20                    
304123000       19470407    479                3.16                    
304123000       19480322    381                2.902                   
304123000       19490331    323                2.602                   
304123000       19500405    342                2.702                   
304123000       19510331    3421                   2                   
304123000       19520402    371                2.85                    
304123000       19530504    264                2.29                    
304123000       19540605    285                2.40                    
304123000       19550324    300                2.842                   
304123000       19560405    336                2.80                    
304123000       19570315    176                1.76                    
304123000       19580409    1701                                       
304123000       19590407    555                3.40                    
304123000       19600403    4101                                       
304123000       19610914    317                2.432                   
304123000       19620330    360                2.822                   
304123000       19630330    450                3.13                    
304123000       19640501    296                2.43                    
304123000       19650413    360                2.862                   
304123000       19660210    470                3.30                    
304123000       19661210    477                3.322                   
304123000       19680320    309                2.732                   
304123000       19690701    3702                   2                   
304123000       19700410    252                2.422                   
304123000       19710415    442                3.28                    
304123000       19720415    298                2.672                   
304123000       19730317    277                2.61                    
304123000       19740416    400                3.10                    
304123000       19750903    4702                                       
