Z04163400                       USGS 
H04163400       4236050830417002626099SW0409000316.5           617.79           
N04163400       PLUM BROOK AT UTICA, MI
Y04163400       
304163400       19651225    261                6.24                    
304163400       19670311    178                5.90                    
304163400       19680626   1160               10.36                    
304163400       19690705    624                9.01                    
304163400       19700403    175                5.832                   
304163400       19710220    3202                                       
304163400       19720823    205                6.412                   
304163400       19721231    4002                                       
304163400       19740222    406                8.13                    
304163400       19750419    632                8.76                    
304163400       19760729    488                8.41                    
304163400       19770403    442                8.22                    
304163400       19780321    282                6.97                    
304163400       19790414    449                8.20                    
304163400       19800404    391                8.05                    
304163400       19810217    331                7.63                    
304163400       19811001    736                9.292                   
304163400       19830502    478                8.58                    
304163400       19840316    379                8.03                    
304163400       19850223    600                9.001                   
304163400       19860311    369                7.92                    
304163400       19870405    164                5.87                    
304163400       19871215    233                6.89                    
304163400       19890621    472                8.80                    
304163400       19900222    434                8.27                    
304163400       19910526    389                8.04                    
304163400       19920731    187                5.87                    
304163400       19930104    349                7.78                    
304163400       19940626    264                6.97                    
304163400       19950307    253                6.80                    
304163400       19960618   1290               10.62                    
304163400       19970519    400                8.04                    
304163400       19980218    540                8.72                    
304163400       20000630    500                7.65                    
304163400       20010209    488                7.52                    
304163400       20011016    418                6.77                    
304163400       20030404    314                5.57                    
304163400       20040523    442                7.13                    
304163400       20041207    385                6.47                    
304163400       20060217    452                7.14                    
304163400       20070302    416                6.74                    
304163400       20080914    447                7.08                    
304163400       20090308    375                7.12                    
304163400       20100606    329                6.59                    
304163400       20110525    500                7.83                    
304163400       20111129    428                7.062                   
304163400       20130710    391                9.16                    
