Z04170500                       USGS 
H04170500       4230460834035002626093SW04090005148            868.00           
N04170500       HURON RIVER NEAR NEW HUDSON, MI
Y04170500       
304170500       19490216    4325               3.61                    
304170500       19500406    5825               4.12                    
304170500       19501229   10806               5.05                    
304170500       19520416    4385               3.57                    
304170500       19521127    2806               2.972                   
304170500       19540217    3215               3.01                    
304170500       19541122    3306               3.22                    
304170500       19560514    5905               4.11                    
304170500       19570714    4885               4.08                    
304170500       19571104    3896               3.32                    
304170500       19590405    3215               2.93                    
304170500       19591102    3136               2.88                    
304170500       19601109    2786               2.59                    
304170500       19620314    3025               2.74                    
304170500       19621107    2676               2.52                    
304170500       19631204    1946               2.06                    
304170500       19650409    2355               2.32                    
304170500       19651225    1636               1.86                    
304170500       19670625    2135               2.36                    
304170500       19680629    5615               4.41                    
304170500       19690201    3095               2.652                   
304170500       19691027    2856               2.98                    
304170500       19710222    2825               2.422                   
304170500       19711030    1735               2.082                   
304170500       19730317    3545               2.97                    
304170500       19740308    4795               3.64                    
304170500       19750421    3655               2.942                   
304170500       19760307    4065               3.20                    
304170500       19761117    2806               2.89                    
304170500       19771112    2936               2.68                    
304170500       19790417    2645               2.33                    
304170500       19800418    2785               2.61                    
304170500       19801107    2706               2.642                   
304170500       19811003    4525               3.79                    
304170500       19821105    2986               2.91                    
304170500       19831123    2996               2.762                   
304170500       19850227    3235               2.87                    
304170500       19851201    3546               2.952                   
304170500       19861110    3886               3.17                    
304170500       19871112    2746               2.69                    
304170500       19881109    3606               3.28                    
304170500       19891115    3606               3.15                    
304170500       19901029    4466               3.69                    
304170500       19911107    2856               2.77                    
304170500       19930622    3745               3.32                    
304170500       19931107    3436               3.04                    
304170500       19941110    3586               2.90                    
304170500       19960621    4285               3.24                    
304170500       19961112    3176               2.75                    
304170500       19980221    3305               2.74                    
304170500       19981107    2796               2.53                    
304170500       20000915    3865               2.87                    
304170500       20010212    3535               2.68                    
304170500       20011031    4026               2.98                    
304170500       20021106    2516               2.28                    
304170500       20040525    3895               2.97                    
304170500       20050115    3505               2.79                    
304170500       20060515    3405               2.93                    
304170500       20061109    3816               2.97                    
304170500       20080917    4215               3.43                    
304170500       20090311    4506               3.46                    
304170500       20091104    3456               3.05                    
304170500       20110529    4825               3.63                    
304170500       20111207    3506               3.00                    
304170500       20130424    3366               2.73                    
