Z04166300                       USGS 
H04166300       4227520832211002626125SW0409000417.5           690.4            
N04166300       UPPER RIVER ROUGE AT FARMINGTON, MI
Y04166300       
304166300       19590402    326                4.922                   
304166300       19600616    287                4.79                    
304166300       19610425    174                4.352                   
304166300       19620312    4002               7.561                   
304166300       19630226   96.0                3.892                   
304166300       19640430   75.0                3.80                    
304166300       19650210    665                5.90                    
304166300       19651225    182                4.36                    
304166300       19670403    108                3.992                   
304166300       19680625   1500                8.70                    
304166300       19690130    287                4.98                    
304166300       19700304   90.0                5.811                   
304166300       19710220    2602                   2                   
304166300       19720314    220                5.741                   
304166300       19721230    252                4.79                    
304166300       19740305    345                5.22                    
304166300       19750419    458                5.68                    
304166300       19760506    349                5.28                    
304166300       19770402    315                5.11                    
304166300       19780321    210                4.59                    
304166300       19790414    363                5.36                    
304166300       19800317    330                6.491                   
304166300       19810218    200                6.131                   
304166300       19811001    878                7.15                    
304166300       19830502    518                5.97                    
304166300       19840316    275                4.91                    
304166300       19850223    430                7.401                   
304166300       19860709    281                4.952                   
304166300       19870622    166                4.31                    
304166300       19871215    176                4.37                    
304166300       19890621    885                7.10                    
304166300       19900222    412                5.53                    
304166300       19910819    614                6.28                    
304166300       19920714    239                4.72                    
304166300       19921112    321                5.14                    
304166300       19940321    264                4.852                   
304166300       19941001    269                4.88                    
304166300       19960618    548                5.96                    
304166300       19970221    368                5.34                    
304166300       19980806    633                6.36                    
304166300       19990423    345                5.172                   
304166300       20000625    627                6.34                    
304166300       20010209    589                6.21                    
304166300       20011016    370                5.29                    
304166300       20030405    188                4.34                    
304166300       20040521    173                4.26                    
304166300       20050716    263                4.75                    
304166300       20060217    347                5.18                    
304166300       20061201    292                4.90                    
304166300       20080914    581                6.18                    
304166300       20081227    420                5.49                    
304166300       20100606    458                5.67                    
304166300       20110525    607                6.27                    
304166300       20111129    323                4.99                    
304166300       20130831    290                4.89                    
