Z04154000                       USGS 
H04154000       4337340844228002626073SW04080202416            710.38           
N04154000       CHIPPEWA RIVER NEAR MOUNT PLEASANT, MI
Y04154000       
304154000       19330503   2800               10.20                    
304154000       19340318   1400                8.591                   
304154000       19350306   2800               11.061                   
304154000       19360325   1010                5.862                   
304154000       19370427   1080                6.12                    
304154000       19380206   4460               12.30                    
304154000       19390327   1010                5.872                   
304154000       19400330   1130                6.21                    
304154000       19410911    762                5.532                   
304154000       19420317   1950                8.35                    
304154000       19430603   2110                8.782                   
304154000       19440227    940                5.67                    
304154000       19450602   2560                9.75                    
304154000       19460308   4960               12.78                    
304154000       19470426   1640                7.72                    
304154000       19480320   4460               12.30                    
304154000       19490225   1800                8.13                    
304154000       19500126   3630               11.42                    
304154000       19510221   14501               8.341                   
304154000       19520724   2160                9.22                    
304154000       19530221   2300                9.30                    
304154000       19540428   1460                7.04                    
304154000       19550312   1500                7.29                    
304154000       19560405   2740               10.13                    
304154000       19570709   2480                9.92                    
304154000       19571115    813                5.272                   
304154000       19590403   2920               10.40                    
304154000       19600331   2770               10.15                    
304154000       19610324   1090                5.91                    
304154000       19620328   1620                7.35                    
304154000       19630327   1180                6.18                    
304154000       19640501    794                5.07                    
304154000       19650412   3280               10.95                    
304154000       19660211   1540                7.19                    
304154000       19670422   2030                8.43                    
304154000       19680529   1550                7.35                    
304154000       19690703   2170                8.78                    
304154000       19700603   1290                6.45                    
304154000       19710414   1510                7.09                    
304154000       19720827   2300                9.15                    
304154000       19730529   1890                8.07                    
304154000       19740519   3090               10.67                    
304154000       19750901   3450               11.18                    
304154000       19760321   3050               10.41                    
304154000       19770305   1650                7.48                    
304154000       19780407   1450                6.95                    
304154000       19790331   1460                6.70                    
304154000       19800410    707                4.742                   
304154000       19810220   2470                9.53                    
304154000       19820602   1280                6.41                    
304154000       19830415   1790                7.69                    
304154000       19840215   1450                6.94                    
304154000       19850329   1600                7.66                    
304154000       19860912   6660               15.58                    
304154000       19870302    739                4.89                    
304154000       19880404   1480                7.082                   
304154000       19890620   2030                8.65                    
304154000       19900312   1580                7.67                    
304154000       19910428   2220                9.43                    
304154000       19920417   1740                8.38                    
304154000       19930421   1460                7.45                    
304154000       19940221   16902              10.291                   
304154000       19941106   1080                6.17                    
304154000       19960613   1210                6.612                   
304154000       19970222   1470                7.50                    
304154000       19980401   1370                6.90                    
304154000       19990412    674                4.752                   
304154000       20000227   1240                6.73                    
304154000       20010517   1690                7.92                    
304154000       20020310   1540                7.73                    
304154000       20030321    624                4.292                   
304154000       20040306   2200                9.11                    
304154000       20050401   1480                7.14                    
304154000       20060314   2540               10.28                    
304154000       20070314   1800                7.83                    
304154000       20080412   1700                7.40                    
304154000       20090309   1940                7.992                   
304154000       20091031   1560                7.02                    
304154000       20110428   2370                9.00                    
304154000       20120313   1340                6.41                    
304154000       20130419   3030               10.46                    
