Z04169500                       USGS 
H04169500       4235280832859002626125SW0409000557.3           910.00           
N04169500       HURON RIVER AT COMMERCE, MI
Y04169500       
304169500       19460307   96.05               2.10                    
304169500       19470407    2665               2.98                    
304169500       19480512    2075               3.10                    
304169500       19490217    1565               2.56                    
304169500       19500405    1815               2.88                    
304169500       19510307    13525                                      
304169500       19520414    1215               2.26                    
304169500       19530316   71.05               1.72                    
304169500       19540218   81.05               1.76                    
304169500       19550311   91.05               1.80                    
304169500       19560513    1965               2.96                    
304169500       19570714    1025               1.96                    
304169500       19571109   64.05               1.68                    
304169500       19590404    1605               2.53                    
304169500       19600418    1075               2.06                    
304169500       19610426   99.05               2.04                    
304169500       19620321   89.05               1.94                    
304169500       19630609    1015               2.00                    
304169500       19640406   56.05               1.54                    
304169500       19650421   91.05               2.02                    
304169500       19660502   60.05               1.68                    
304169500       19670406   89.05               2.09                    
304169500       19680701    1765               2.70                    
304169500       19690705    1315               2.50                    
304169500       19700421   73.05               2.01                    
304169500       19710315   97.05               2.10                    
304169500       19720423   63.05               1.71                    
304169500       19730331    1175               2.24                    
304169500       19740311    1695               2.60                    
304169500       19750419    1365               2.40                    
304169500       19760305    1455               2.48                    
304169500       19770329    1115               2.15                    
304169500       1978        10045B             2.034                   
304169500       19790414    1075               2.11                    
