Z04103010                       USGS 
H04103010       4215420845121002626025SW04050003267            910              
N04103010       KALAMAZOO RIVER NEAR MARENGO, MI
Y04103010       
304103010       19861005    684                8.52                    
304103010       19880408    730                8.47                    
304103010       19890603   1160               10.18                    
304103010       19900312    805                9.01                    
304103010       19901231    842                9.132                   
304103010       19920731    534                8.072                   
304103010       19930106    762                9.05                    
304103010       19940221    594                8.442                   
304103010       19950308    422                7.682                   
304103010       19960422    402                7.602                   
304103010       19970330    620                8.442                   
304103010       19980109    696                8.71                    
304103010       19990125    742                8.87                    
304103010       20000626    636                8.50                    
304103010       20010211    848                9.22                    
304103010       20011016    645                8.56                    
304103010       20030406    492                7.96                    
304103010       20040614    492                7.962                   
304103010       20050115    787                9.292                   
304103010       20060314    603                8.29                    
304103010       20070106    642                8.522                   
304103010       20080914   1120               10.05                    
304103010       20090311    876                9.23                    
304103010       20100725   1090                9.98                    
304103010       20110526    696                8.71                    
