Z04150000                       USGS 
H04150000       4334010830643002626151SW04080205238            719.5            
N04150000       SOUTH BRANCH CASS RIVER NEAR CASS CITY, MI
Y04150000       
304150000       19490215   2600               20.503                   
304150000       19500328   4940               23.073                   
304150000       19510226   2920               29.933                   
304150000       19520312   2600               20.503                   
304150000       19530316   1750                7.736                   
304150000       19540326   2970                9.77                    
304150000       19550311   2130                8.45                    
304150000       19560307   26502              10.251                   
304150000       19570407   1330                6.75                    
304150000       19580304    8001                                       
304150000       19590402   2920                9.722                   
304150000       19600331   4890               13.00                    
304150000       19610926   1190                7.542                   
304150000       19620319   2690               10.112                   
304150000       19630326   2300                8.692                   
304150000       19640407    162                3.11                    
304150000       19650408   4180               11.812                   
304150000       19660304   1960                8.12                    
304150000       19670328   6400               14.86                    
304150000       19680202   5200               14.54                    
304150000       19690510   3550               11.07                    
304150000       19700422   1860                8.31                    
304150000       19710315   4560               12.51                    
304150000       19720322   3800               12.69                    
304150000       19730402   4170               11.962                   
304150000       19740305   4610               12.59                    
304150000       19750419   4830               12.90                    
304150000       19760306   5630               13.90                    
304150000       19770310   1080                8.16                    
304150000       19780324   3720               12.211                   
304150000       19790414   3460               11.072                   
304150000       19800318   3100               10.55                    
