Z04058100                       USGS 
H04058100       4619020873007002626103SW04030110210            1102.68          
N04058100       MIDDLE BRANCH ESCANABA RIVER NR PRINCETON, MI
Y04058100       
304058100       19620425    857                4.592                   
304058100       19630402    9001                                       
304058100       19640417   1010                5.04                    
304058100       19650511   1830                6.73                    
304058100       19660424   1560                6.29                    
304058100       19670420   1630                6.402                   
304058100       19680912   1070                5.11                    
304058100       19690417   1740                6.58                    
304058100       19700601   1880                6.82                    
304058100       19710414   1990                7.00                    
304058100       19720506   2580                7.85                    
304058100       19730511   14706               6.12                    
304058100       19740424   10406               4.77                    
304058100       19750428   13806               5.70                    
304058100       19760419   18606               6.98                    
304058100       19770314    8196               4.14                    
304058100       19780914   19406               7.00                    
304058100       19790427   24806               8.37                    
304058100       19791023    7706               3.98                    
304058100       19810507    9456               4.52                    
304058100       19820428   16306               6.52                    
304058100       19850422   420067             11.84                    
304058100       19900518    7486               4.09                    
304058100       19910410   11806               5.38                    
304058100       19920424   20006               7.42                    
304058100       19930506    9806               4.80                    
304058100       19940430    7386               4.06                    
304058100       19950531    4566               3.19                    
304058100       19960521   19106               7.31                    
304058100       19970501   11606               5.30                    
304058100       19980401    8016               4.26                    
304058100       19990527    7826               4.20                    
304058100       20000330    5076               3.27                    
304058100       20010414    7926               4.23                    
304058100       20020418   29806               9.52                    
304058100       20030515    9706               4.77                    
304058100       20040422   15906               6.44                    
304058100       20050408    8016               4.26                    
304058100       20060416    9636               4.75                    
304058100       20070326    4376               3.01                    
304058100       20080424   14106               5.98                    
304058100       20090426    5836               3.39                    
304058100       20100925    4506               2.982                   
304058100       20110412    9196               4.53                    
304058100       20120320    4646               2.96                    
304058100       20130505   15206               6.07                    
