Z04108600                       USGS 
H04108600       4238320854319002626005SW0405000371.4           700              
N04108600       RABBIT RIVER NEAR HOPKINS, MI
Y04108600       
304108600       19660210    468                7.84                    
304108600       19661208    442                7.69                    
304108600       19680201    550                7.76                    
304108600       19690130    468                7.65                    
304108600       19700408    361                7.36                    
304108600       19710221    4502               7.891                   
304108600       19720417    530                8.19                    
304108600       19721231    656                8.66                    
304108600       19740121    683                8.20                    
304108600       19750419    694                8.18                    
304108600       19751215   1000                8.62                    
304108600       19770403    290                6.802                   
304108600       19780626   1180                9.56                    
304108600       19790305    8702                                       
304108600       19791225    460                7.61                    
304108600       19810511    971                8.83                    
304108600       19820314    4752                                       
304108600       19830502    624                8.21                    
304108600       19840213    522                8.05                    
304108600       19850224    800                9.311                   
304108600       19860311    675                8.33                    
304108600       19870815    277                6.53                    
304108600       19871220    369                7.26                    
304108600       19890531   1860                9.57                    
304108600       19900310    372                7.33                    
304108600       19901128   1140                8.82                    
304108600       19911130    449                7.57                    
304108600       19930420    841                8.39                    
304108600       19940220    9502               9.191                   
304108600       19941106    498                7.50                    
304108600       19960521    700                8.02                    
304108600       19970621   3740               11.11                    
304108600       19980319    490                7.50                    
304108600       19990423    789                8.21                    
304108600       20000519   1020                8.87                    
304108600       20010209   1020                8.86                    
304108600       20020309    552                7.91                    
304108600       20030405    504                7.67                    
304108600       20040302    707                8.17                    
304108600       20050113    982                8.56                    
304108600       20060313    406                7.22                    
304108600       20070313    684                7.77                    
304108600       20080608   1770                9.37                    
304108600       20081227   1820                9.64                    
304108600       20100616   1300                9.04                    
304108600       20110526    805                8.24                    
304108600       20120124    371                7.04                    
304108600       20130418   2240               10.04                    
