Z04153500                       USGS 
H04153500       4342110842816002626111SW04080201138            616.01           
N04153500       SALT RIVER NEAR NORTH BRADLEY, MI
Y04153500       
304153500       19350317   24002                   2                   
304153500       19360322    910                6.702                   
304153500       19370427   1090                7.50                    
304153500       19380207   5500               13.501                   
304153500       19390418    544                4.75                    
304153500       19400330   1300                9.871                   
304153500       19410324   1200                9.121                   
304153500       19420317   4330               12.75                    
304153500       19430601   2960               11.662                   
304153500       19440330    480                4.682                   
304153500       19450602   3410               12.00                    
304153500       19460307   7970               14.92                    
304153500       19470425   2180               10.39                    
304153500       19480320   8200               14.95                    
304153500       19490225   1100                8.901                   
304153500       19500328   2300               10.622                   
304153500       19510227   2240               10.48                    
304153500       19520320   2630               11.13                    
304153500       19530221   3030               11.60                    
304153500       19540428   1850               10.00                    
304153500       19550312   2680               11.436                   
304153500       19560507   3160               11.90                    
304153500       19570709   6160               13.84                    
304153500       19571115    729                5.822                   
304153500       19590403   2870               11.61                    
304153500       19600331   4590               14.986                   
304153500       19610324    956                9.15                    
304153500       19620503   3460               14.17                    
304153500       19630501    998               10.21                    
304153500       19640501    2502                   2                   
304153500       19650410   22602                   2                   
304153500       19651214   14502              11.412                   
304153500       19670401   2140               12.94                    
304153500       19680528   2900               13.892                   
304153500       19690418   3260               14.04                    
304153500       19700603   2540               14.09                    
304153500       19710402   1780               12.55                    
304153500       19720827   2040               13.85                    
304153500       19730101   2600               13.852                   
304153500       19740517   8500               18.30                    
304153500       19750901   8200               17.90                    
304153500       19760321   4800               15.80                    
304153500       19770306    500               10.081                   
304153500       19780401   2420               13.30                    
304153500       19790320   1560               12.04                    
304153500       19800409    617                7.69                    
304153500       19810512   1240               11.242                   
304153500       19820316   1940               12.89                    
