Z04121500                       USGS 
H04121500       4353570851519002626133SW040601021433           977.72           
N04121500       MUSKEGON RIVER AT EVART, MI
Y04121500       
304121500       19340406   3010               10.78                    
304121500       19350324   3910               11.60                    
304121500       19360327   2440                9.92                    
304121500       19370428   3030               10.20                    
304121500       19380326   5110               12.12                    
304121500       19390329   3570               10.73                    
304121500       19400411   2720                9.902                   
304121500       19410410   3750               10.87                    
304121500       19420330   4310               11.37                    
304121500       19430331   6140               13.30                    
304121500       19440411   1940                9.11                    
304121500       19450603   7000               13.68                    
304121500       19460318   5780               13.00                    
304121500       19470412   5560               12.46                    
304121500       19480322   6040               12.86                    
304121500       19490330   3100               10.32                    
304121500       19500404   4960               12.05                    
304121500       19510428   3970               11.13                    
304121500       19520404   5320               12.28                    
304121500       19530325   4630               11.70                    
304121500       19540622   3660               10.82                    
304121500       19550324   3200               10.352                   
304121500       19560409   4740               11.83                    
304121500       19570712   7320               14.13                    
304121500       19580409   2400                9.382                   
304121500       19590409   7750               14.42                    
304121500       19600406   4920               11.92                    
304121500       19610418   2180                9.09                    
304121500       19620401   5290               12.28                    
304121500       19630402   4400               11.40                    
304121500       19640501   2490                9.44                    
304121500       19650415   6160               13.07                    
304121500       19651214   2640                9.612                   
304121500       19670403   4820               11.82                    
304121500       19680629   2520                9.482                   
304121500       19690630   4930               11.93                    
304121500       19700415   3150                9.952                   
304121500       19710415   7660               14.37                    
304121500       19720418   4670               11.67                    
304121500       19730315   4240               10.86                    
304121500       19740417   4710               11.71                    
304121500       19750904   4870               11.67                    
304121500       19760329   7790               14.07                    
304121500       19770315   2850                9.55                    
304121500       19780411   4510               11.09                    
304121500       19790402   5220               11.74                    
304121500       19800416   2970                9.492                   
304121500       19810225   3200                9.902                   
304121500       19820403   4310               10.772                   
304121500       19830417   3670               10.48                    
304121500       19840219   3040               10.04                    
304121500       19850401   5100               11.92                    
304121500       19860329   5420               12.15                    
304121500       19870309   2060                9.03                    
304121500       19880406   46302                                       
304121500       19890331   9040               14.99                    
304121500       19900318   4710               11.63                    
304121500       19910417   4650               11.58                    
304121500       19911101   5860               12.60                    
304121500       19930422   4580               11.52                    
304121500       19940224   2790                9.522                   
304121500       19950321   2400                9.41                    
304121500       19960623   4180               11.06                    
304121500       19970407   3850               10.76                    
304121500       19980403   5260               12.00                    
304121500       19990614   2390                9.29                    
304121500       20000227   3600               10.52                    
304121500       20010518   4140               11.13                    
304121500       20020313   3020               10.05                    
304121500       20030420   1670                8.48                    
304121500       20040526   4670               11.60                    
304121500       20050403   5020               11.90                    
304121500       20060315   5230               12.08                    
304121500       20070326   4800               11.71                    
304121500       20080414   4220               11.20                    
304121500       20090311   3460               10.132                   
304121500       20100314   3010               10.04                    
304121500       20110430   6120               12.96                    
304121500       20120506   3880               10.89                    
304121500       20130420   5760               12.52                    
