Z04135600                       USGS 
H04135600       4440100844218002626039SW0407000776             1110             
N04135600       EAST BRANCH AU SABLE RIVER AT GRAYLING, MI
Y04135600       
304135600       19580406   53.0                3.31                    
304135600       19590830    1196               4.34                    
304135600       19600414    135                4.67                    
304135600       19610914    108                4.30                    
304135600       19620412   98.0                4.04                    
304135600       19630510    103                4.22                    
304135600       19640413   57.0                3.652                   
304135600       19650809    102                4.36                    
304135600       19651213   79.0                4.08                    
304135600       19670402    140                4.53                    
304135600       19680320   74.0                3.81                    
304135600       19690410    100                4.18                    
304135600       19700602    121                4.30                    
304135600       19710413    201                5.19                    
304135600       19720419    147                4.68                    
304135600       19730314    100                4.21                    
304135600       19740415    153                4.69                    
304135600       19750420    144                4.66                    
304135600       19760328    207                5.24                    
304135600       19770331    104                4.20                    
304135600       19780412   87.0                3.91                    
304135600       19790401    130                4.44                    
304135600       19800409    102                4.10                    
304135600       19810429   76.0                3.76                    
304135600       19820420    120                4.33                    
304135600       19830508    139                4.54                    
304135600       19840711    158                5.11                    
