Z04170000                       USGS 
H04170000       4234440833736002626125SW04090005132            880.00           
N04170000       HURON RIVER AT MILFORD, MI
Y04170000       
304170000       19490215    414                7.48                    
304170000       19500405    645                8.25                    
304170000       19510220    395                7.25                    
304170000       19520415    358                7.13                    
304170000       19530304    248                6.42                    
304170000       19540216    320                6.89                    
304170000       19550228    278                6.66                    
304170000       19560514    545                8.13                    
304170000       19570713    438                8.231                   
304170000       19571221    217                6.18                    
304170000       19590406    335                7.01                    
304170000       19600331    301                6.82                    
304170000       19610428    276                6.64                    
304170000       19620313    292                6.69                    
304170000       19630916    3235               7.02                    
304170000       19640316    138                5.56                    
304170000       19650416    357                7.31                    
304170000       19651201    173                5.92                    
304170000       19670624    213                6.10                    
304170000       19680628    567                8.26                    
304170000       19690130    312                6.812                   
304170000       19700422    213                6.09                    
304170000       19710316    261                6.42                    
304170000       19711026    276                6.72                    
304170000       19730317    289                6.65                    
304170000       19740306    515                7.60                    
304170000       19750907    478                7.66                    
304170000       19760306    505                7.56                    
304170000       19770403    252                6.34                    
304170000       19780324    215                6.12                    
304170000       19790416    298                6.78                    
304170000       19800416    279                6.60                    
304170000       19810905    261                6.58                    
304170000       19811003    648                7.87                    
304170000       19830504    306                6.91                    
304170000       19840322    198                6.17                    
304170000       19850407    372                6.95                    
304170000       19860320    307                6.84                    
304170000       19861005    285                6.70                    
304170000       19871221    195                5.95                    
304170000       19890624    254                6.41                    
304170000       19900313    272                6.52                    
304170000       19901012    298                6.66                    
304170000       19920425    329                6.80                    
304170000       19930622    412                7.15                    
304170000       19940708    290                6.67                    
304170000       19950314    233                6.33                    
304170000       19960620    433                7.23                    
304170000       19970330    329                6.80                    
304170000       19980219    400                6.99                    
304170000       19990424    231                6.21                    
304170000       20000914    439                7.14                    
304170000       20010211    415                6.97                    
304170000       20011018    393                7.07                    
304170000       20030406    227                6.12                    
304170000       20040525    432                7.22                    
304170000       20050114    367                6.96                    
304170000       20060314    349                6.88                    
304170000       20061202    353                6.90                    
304170000       20080916    495                7.50                    
304170000       20090312    503                7.48                    
304170000       20100608    349                6.97                    
304170000       20110528    572                7.72                    
