Z04176000                       USGS 
H04176000       4154170835851002626091SW04100002463            693.2            
N04176000       RIVER RAISIN NEAR ADRIAN, MI
Y04176000       
304176000       19540326   2570               12.43                    
304176000       19550301   2030               11.33                    
304176000       19560430   5580               14.87                    
304176000       19570428   2230               11.42                    
304176000       19571221   19002                                       
304176000       19590307   2330               11.59                    
304176000       19600114   2870               12.36                    
304176000       19610426   3960               13.37                    
304176000       19620313   3880               13.30                    
304176000       19630314   1070                8.47                    
304176000       19640404    749                7.28                    
304176000       19650211   3110               12.84                    
304176000       19651226   2740               12.39                    
304176000       19661209   2080               11.35                    
304176000       19680203   3710               13.512                   
304176000       19690131   3310               13.52                    
304176000       19700307   1500               10.60                    
304176000       19710221   2800               14.001                   
304176000       19720316   1310               10.01                    
304176000       19730629   1620               10.90                    
304176000       19740310   2700               12.55                    
304176000       19750420   1840               11.452                   
304176000       19760218   3510               13.33                    
304176000       19770305   2460               12.15                    
304176000       19780323   4180               13.90                    
304176000       19790305   2800               12.58                    
304176000       19800319   2560               12.28                    
304176000       19810904   4460               14.28                    
304176000       19820315   6660               15.77                    
304176000       19830503   5160               14.72                    
304176000       19840215   2430               12.11                    
304176000       19850225   5610               15.62                    
304176000       19860313   31002                                       
304176000       19861005   1510               10.55                    
304176000       19880405   2730               12.37                    
304176000       19890601   2990               12.96                    
304176000       19900224   36502                                       
304176000       19901231   4070               13.81                    
304176000       19920426   1310               10.07                    
304176000       19930106   4940               14.06                    
304176000       19940221   23002                                       
304176000       19950122   1710               10.43                    
304176000       19960620   2580               11.71                    
304176000       19970223   3690               12.91                    
304176000       19980219   3200               12.94                    
304176000       19990125   4220               13.79                    
304176000       20000520   3400               13.25                    
304176000       20010211   5930               14.92                    
304176000       20020513   3060               12.80                    
304176000       20030511   1700               11.05                    
304176000       20040617   2200               11.76                    
304176000       20050114   3910               13.70                    
304176000       20060623   2130               11.77                    
304176000       20061203   2220               11.89                    
304176000       20080207   4760               14.18                    
304176000       20090312   3960               13.59                    
304176000       20100523   5300               14.54                    
304176000       20110429   3850               14.16                    
304176000       20111201   5480               15.30                    
304176000       20130420   2120               12.48                    
