Z04168000                       USGS 
H04168000       4218020831801002626163SW0409000483.2           592.23           
N04168000       LOWER RIVER ROUGE AT INKSTER, MI
Y04168000       
304168000       19480511   2920               12.16                    
304168000       19490215   1980               11.37                    
304168000       19500404   3120               12.42                    
304168000       19501208   1290                9.84                    
304168000       19520120   1630               10.64                    
304168000       19530304    840                8.69                    
304168000       19540326   2790               12.36                    
304168000       19550106   1020                9.34                    
304168000       19560430   2460               11.90                    
304168000       19570406    964                9.18                    
304168000       19571221    949                9.13                    
304168000       19590403   1280               10.05                    
304168000       19600618   1010                9.24                    
304168000       19610426   2330               11.59                    
304168000       19620312   1860               11.00                    
304168000       19630510    612                7.33                    
304168000       19640811    590                7.24                    
304168000       19650305   1830               10.95                    
304168000       19651225   1720               10.90                    
304168000       19670403    830                8.54                    
304168000       19680626   3600               13.62                    
304168000       19690130   1640               10.87                    
304168000       19700305    646                7.72                    
304168000       19710220   1010                9.05                    
304168000       19720417    838                8.46                    
304168000       19730312    865                8.66                    
304168000       19740223   1420               10.43                    
304168000       19750225   1140                9.64                    
304168000       19760217   1910               11.50                    
304168000       19770426   1220                9.95                    
304168000       19780322   1540               10.65                    
304168000       19790414   2700               12.36                    
304168000       19800405   1260               10.05                    
304168000       19810219   1110                9.58                    
304168000       19820314   15502              12.711                   
304168000       19830502   1750               12.18                    
304168000       19840322   1310               10.67                    
304168000       19850224   2320               12.13                    
304168000       19860311   1160               10.14                    
304168000       19870621    798                8.80                    
304168000       19871216    977                9.42                    
304168000       19890531    687                8.13                    
304168000       19900223   2230               12.01                    
304168000       19901230   1850               11.50                    
304168000       19920425    682                7.88                    
304168000       19930105   1880               11.44                    
304168000       19940322    774                8.31                    
304168000       19950629   1120                9.80                    
304168000       19960510   1470               10.73                    
304168000       19970222   1820               11.35                    
304168000       19980218   2500               12.34                    
304168000       19990424   1220               10.262                   
304168000       20000912   1510               10.96                    
304168000       20010210   2340               12.27                    
304168000       20011017   1130                9.98                    
304168000       20030405    648                7.85                    
304168000       20040522   2170               12.07                    
304168000       20050114   1150               11.05                    
304168000       20051116    781                9.37                    
304168000       20061202    935               10.15                    
304168000       20080207   1140               10.37                    
304168000       20090309   1530               11.11                    
304168000       20100607   2510               12.48                    
304168000       20110526   2750               12.76                    
304168000       20111130   1740               11.75                    
304168000       20130419    992               10.49                    
