Z04114500                       USGS 
H04114500       4249460844643002626037SW04050004281            747.09           
N04114500       LOOKING GLASS RIVER AT HINMAN RD NEAR EAGLE, MI
Y04114500       
304114500       19450523    920                4.70                    
304114500       19460306   1700                5.902                   
304114500       19470405   2860                7.70                    
304114500       19480319   2300                6.90                    
304114500       19490215   1080                4.952                   
304114500       19500404   2020                6.542                   
304114500       19510221   16002                   2                   
304114500       19520414   1180                5.11                    
304114500       19530503    357                3.042                   
304114500       19540325    935                4.652                   
304114500       19550304    790                4.352                   
304114500       19560510   1700                5.952                   
304114500       19570712   1340                5.40                    
304114500       19580301    6002                   2                   
304114500       19590316   11002               5.201                   
304114500       19600330   1260                5.27                    
304114500       19610425    750                4.25                    
304114500       19620320   11002                   2                   
304114500       19630320    650                4.201                   
304114500       19640516    236                2.64                    
304114500       19650210   1680                6.032                   
304114500       19660322    484                3.622                   
304114500       19670403   1350                5.48                    
304114500       19680624    965                4.772                   
304114500       19690509   1120                5.09                    
304114500       19700408    740                4.29                    
304114500       19710222   18002               7.481                   
304114500       19720417   1770                6.17                    
304114500       19721231   1610                5.91                    
304114500       19740309   1420                5.562                   
304114500       19750419   1640                5.96                    
304114500       19760305   2190                6.77                    
304114500       19770403    430                3.432                   
304114500       19780401   1250                5.32                    
304114500       19790304   2240                6.84                    
304114500       19800317    580                4.391                   
304114500       19810219   1500                6.471                   
304114500       19820313   20001               8.431                   
304114500       19830502   1380                5.51                    
304114500       19840213    6402                                       
304114500       19850224   2200                7.261                   
304114500       19860310   1830                6.26                    
304114500       19861004   1060                4.90                    
304114500       19880406   1500                5.72                    
304114500       19890531   1410                5.57                    
304114500       19900311    998                4.76                    
304114500       19901128   1620                5.93                    
304114500       19920425    952                4.66                    
304114500       19930420   2040                6.63                    
304114500       19940220   17001                                       
304114500       19950312   1000                4.772                   
304114500       19960619   1630                5.94                    
