Z04123500                       USGS 
H04123500       4441350845050002626039SW04060103123            1120.64          
N04123500       MANISTEE RIVER NEAR GRAYLING, MI
Y04123500       
304123500       19430602    330                1.86                    
304123500       19431108    298                1.72                    
304123500       19450925    333                1.78                    
304123500       19460315    292                1.52                    
304123500       19470412    354                1.732                   
304123500       19480322    284                1.39                    
304123500       19490328    264                1.26                    
304123500       19500419    248                1.11                    
304123500       19510409    278                1.282                   
304123500       19520723    284                1.40                    
304123500       19530324    310                1.51                    
304123500       19540408    341                1.64                    
304123500       19550416    284                1.29                    
304123500       19560404    294                1.32                    
304123500       19570426    244                1.07                    
304123500       19580907    258                1.022                   
304123500       19590823    330                1.56                    
304123500       19600418    388                1.88                    
304123500       19610915    326                1.77                    
304123500       19611002    264                1.332                   
304123500       19630331    272                1.27                    
304123500       19640422    210                0.93                    
304123500       19650412    303                1.432                   
304123500       19660422    280                1.31                    
304123500       19670401    311                1.402                   
304123500       19671112    261                1.16                    
304123500       19690627    309                1.38                    
304123500       19691021    293                1.31                    
304123500       19710418    343                1.61                    
304123500       19720419    285                1.27                    
304123500       19721024    264                1.15                    
304123500       19740414    309                1.41                    
304123500       19750420    324                1.50                    
304123500       19760328    343                1.61                    
304123500       19770330    278                1.23                    
304123500       19780919    251                1.07                    
304123500       19790427    300                1.36                    
304123500       19800410    278                1.23                    
304123500       19810409    227                0.93                    
304123500       19820417    299                1.291                   
