Z04130500                       USGS 
H04130500       4523330842000002626031SW04070005311            658              
N04130500       BLACK RIVER NEAR TOWER, MI
Y04130500       
304130500       19430401   16605               5.30                    
304130500       19440425    6715                   2                   
304130500       19450320   12605                   2                   
304130500       19460315   11505               4.60                    
304130500       19470414   11805               4.64                    
304130500       19480323   11805               5.161                   
304130500       19490329    6755                   2                   
304130500       19500830    8305               4.60                    
304130500       19510413   15005               5.91                    
304130500       19520419   12005               5.34                    
304130500       19521218   12805               5.48                    
304130500       19540411    8685               4.63                    
304130500       19541017   10005               4.96                    
304130500       19560407    9805               4.89                    
304130500       19570522   10205               4.99                    
304130500       19580402    5085               3.78                    
304130500       19590419   13505               5.64                    
304130500       19600417   23405               7.13                    
304130500       19610917   10805               4.83                    
304130500       19620503   11205               4.91                    
304130500       19630511   15105               5.72                    
304130500       19640912    9455               4.55                    
304130500       19650412   16305               5.92                    
304130500       19660215   11605               5.01                    
304130500       19670402   18005               6.29                    
304130500       19680820   11805               5.06                    
304130500       19690417   14105               5.48                    
304130500       19691016   11005               4.80                    
304130500       19710411   14705               5.62                    
304130500       19720419   13605               5.43                    
304130500       19721001    8985               4.442                   
304130500       19740415   13805               5.46                    
304130500       19750419   13805               5.47                    
304130500       19760327   15605               5.82                    
304130500       19770316   11405               4.98                    
304130500       19771209   13705               5.44                    
304130500       19790331   14205               5.55                    
304130500       19800410   11805               5.05                    
304130500       19810901   13305               5.44                    
304130500       19820420    9455               4.59                    
304130500       19830510   13805               5.47                    
304130500       19840417    9855               4.67                    
304130500       19850329   12705               5.24                    
304130500       19860327   14205               5.54                    
304130500       19861006    7185               4.07                    
304130500       19880405   12505               5.32                    
304130500       19890330   12405               5.31                    
304130500       19900315   19505               6.56                    
304130500       19901217   12605               5.35                    
304130500       19920422   14705               5.74                    
304130500       19930614   14605               5.73                    
304130500       19940415    9605               4.73                    
304130500       19950821   11105               5.09                    
304130500       19960504    8455               4.47                    
304130500       19970406   14705               5.56                    
304130500       19980401   18605               6.41                    
304130500       19990217    7565               4.26                    
304130500       20000228    7945               4.35                    
