Z04141000                       USGS 
H04141000       4418280840513002626129SW040801011.15           845              
N04141000       SOUTH BRANCH SHEPARDS CREEK NEAR SELKIRK, MI
Y04141000       
304141000       19520413    126                4.00                    
304141000       19530319   29.0                3.052                   
304141000       19540625   74.0                3.59                    
304141000       19541003    110                3.88                    
304141000       19560403    181                4.42                    
304141000       19570515   14.0                2.592                   
304141000       19580406   16.0                2.61                    
304141000       19590520    125                3.99                    
304141000       19600330   63.0                3.48                    
304141000       19610324    106                3.85                    
304141000       19620329    121                3.96                    
304141000       19630326   79.0                3.81                    
304141000       19640125   2.00                1.91                    
304141000       19650408   58.0                3.562                   
304141000       19660210   60.0                3.58                    
304141000       19670326   46.0                3.44                    
304141000       19680202   38.0                3.27                    
304141000       19690318   28.0                3.07                    
304141000       19700602   38.0                3.25                    
304141000       19710412   48.0                3.42                    
304141000       19720411   57.0                3.54                    
304141000       19730528    153                4.42                    
304141000       19740303   90.0                3.92                    
304141000       19750831   64.0                3.64                    
304141000       19760320   99.0                3.99                    
304141000       19770309   27.0                2.90                    
304141000       19780406   45.0                3.26                    
304141000       19790330   71.0                3.56                    
304141000       19800410   38.0                3.16                    
304141000       19810410   73.0                3.58                    
304141000       19820331   82.0                3.66                    
304141000       19830415   43.0                3.21                    
304141000       19840322   48.0                3.28                    
304141000       19850406   41.0                3.18                    
304141000       19860930    166                4.29                    
304141000       19870816    136                4.06                    
