Z04034500                       USGS 
H04034500       4628400890525002626131SW04020102203            1132.03          
N04034500       MIDDLE BRANCH ONTONAGON RIVER NR TROUT CREEK, MI
Y04034500       
304034500       19430617   10106               4.27                    
304034500       19440607   11706               4.53                    
304034500       19450601    7606               3.73                    
304034500       19460626   10606               4.27                    
304034500       19470609    8156               3.85                    
304034500       19480404   75.06               1.802                   
304034500       19490706    1446               2.14                    
304034500       19500514    7406               3.70                    
304034500       19510502   15906               4.87                    
304034500       19511107   17506               5.05                    
304034500       19530705   16606               4.94                    
304034500       19540504   10906               4.50                    
304034500       19550418    6386               3.67                    
304034500       19560708    1626               2.212                   
304034500       19570419    1366               2.102                   
304034500       19580710    1986               2.35                    
304034500       19590626    2056               2.382                   
304034500       19600511    7826               3.78                    
304034500       19610518    7876               3.79                    
304034500       19620722   88.06               1.852                   
304034500       19630402    1306               2.072                   
304034500       19640509    1956               2.34                    
304034500       19650518   10206               4.22                    
304034500       19660606    2466               2.52                    
304034500       19670616    1306               2.072                   
304034500       19680616    2466               2.57                    
304034500       19690417    1806               2.282                   
304034500       19700530    1346               2.092                   
304034500       19710423    6496               3.51                    
304034500       19720816    1986               2.34                    
304034500       19730510    5826               3.27                    
304034500       19740607    1756               2.26                    
304034500       19750620    3596               2.85                    
304034500       19760426    1626               2.21                    
304034500       19770831    1466               2.14                    
304034500       19780823    1706               2.24                    
304034500       19790511    7626               3.72                    
304034500       19800714    2596               2.54                    
304034500       19810508    1786               2.27                    
304034500       19820416    2726               2.60                    
304034500       19830426    3786               2.90                    
304034500       19840626    1656               2.22                    
304034500       19850419    1536               2.17                    
304034500       19860401    2136               2.41                    
304034500       19870529    1286               2.08                    
304034500       19880813    1806               2.29                    
304034500       19890613    3106               2.79                    
304034500       19900917    3246               2.75                    
304034500       19910601    4166               3.06                    
304034500       19920428    4206               3.11                    
304034500       19930623    43226              3.14                    
304034500       19940915    2376               2.54                    
304034500       19950530    4686               3.18                    
304034500       19960429   14806               4.74                    
304034500       19970521    7226               3.53                    
304034500       19980425    1486               2.05                    
304034500       19990512    4226               2.89                    
304034500       20000327     716               1.67                    
304034500       20010424    7816               3.64                    
304034500       20020419   21206               5.61                    
304034500       20030513   18406               5.26                    
304034500       20040422    6766               3.29                    
304034500       20050406    2536               2.282                   
304034500       20051017    1756               2.042                   
304034500       20070513    1396               1.91                    
304034500       20080424    20026                  2                   
304034500       20090425    1366               1.89                    
304034500       20100924    277                2.352                   
304034500       20110426    167                2.03                    
