Z04102500                       USGS 
H04102500       4211110862208002626021SW04050001390            588.80           
N04102500       PAW PAW RIVER AT RIVERSIDE, MI
Y04102500       
304102500       19520123   1650                8.72                    
304102500       19530502    825                7.67                    
304102500       19540426   1120                8.14                    
304102500       19541018   1570                8.69                    
304102500       19560503   1480                8.60                    
304102500       19570428    815                7.73                    
304102500       19580305   1080                8.20                    
304102500       19590321    875                7.75                    
304102500       19600402   1620                8.91                    
304102500       19610426    980                8.05                    
304102500       19620320    985                8.25                    
304102500       19630327   1530                8.98                    
304102500       19640408   1100                8.34                    
304102500       19650214   1020                8.40                    
304102500       19651226   1100                8.58                    
304102500       19661209   12001                                       
304102500       19680206   2140                9.32                    
304102500       19690202   1350                9.231                   
304102500       19700414   1220                8.53                    
304102500       19710225   1380                8.73                    
304102500       19720319   1170                8.21                    
304102500       19730104   2100                9.49                    
304102500       19740126   1610                9.03                    
304102500       19750423   2070                9.49                    
304102500       19760222   1500                8.87                    
304102500       19770310   1110                8.32                    
304102500       19780326   1230                8.51                    
304102500       19790309   2830               10.11                    
304102500       19800414   1170                8.33                    
304102500       19810223   1910                9.16                    
304102500       19820318   2650               10.11                    
304102500       19821208   1220                8.81                    
304102500       19840217   1200                8.57                    
304102500       19850227   2980               10.42                    
304102500       19851120   1180                8.43                    
304102500       19861004   3580               10.90                    
304102500       19880407   1240                8.52                    
304102500       19881114   1760                9.24                    
304102500       19900314   1590                9.02                    
304102500       19901201   2330                9.86                    
304102500       19911203   1510                8.92                    
304102500       19930105   1750                9.22                    
304102500       19940224   18002               9.901                   
304102500       19941107   1120                8.61                    
304102500       19960611    858                7.812                   
304102500       19970224   3110               10.66                    
304102500       19980110   1230                8.62                    
304102500       19990426   1620                9.18                    
304102500       20000523   1450                8.94                    
304102500       20010210   1820                9.42                    
304102500       20020312   1350                8.80                    
304102500       20030409    945                8.12                    
304102500       20040306   1600                9.05                    
304102500       20050116   2590               10.18                    
304102500       20060314   1020                8.22                    
304102500       20070315   1290                8.59                    
304102500       20080917   3870               11.24                    
304102500       20081230   3120               10.65                    
304102500       20091031   1520                9.05                    
304102500       20110501   1750                9.24                    
304102500       20120124    961                8.00                    
304102500       20130421   2380                9.97                    
