Z04161800                       USGS 
H04161800       4242550830531002626099SW0409000368.2           772.59           
N04161800       STONY CREEK NEAR WASHINGTON, MI
Y04161800       
304161800       19590306    4002               6.711                   
304161800       19600330    361                5.53                    
304161800       19610601    120                3.932                   
304161800       19620312    3002               5.931                   
304161800       19630823    1486               4.30                    
304161800       19640510    119                3.92                    
304161800       19650211    272                5.46                    
304161800       19660721    130                4.25                    
304161800       19670901    232                4.98                    
304161800       19680202    427                5.86                    
304161800       19690131    270                5.05                    
304161800       19691024    177                4.24                    
304161800       19710316    204                4.86                    
304161800       19720906    235                4.88                    
304161800       19730102    281                5.07                    
304161800       19740305    403                5.74                    
304161800       19750202    399                5.72                    
304161800       19760305    399                5.72                    
304161800       19761115    2336               4.91                    
304161800       19771122    3216               5.38                    
304161800       19781127    2476               4.90                    
304161800       19791225    2836               5.11                    
304161800       19810223    257                4.95                    
304161800       19820401    264                4.99                    
304161800       19830503    244                4.63                    
304161800       19840323    187                4.42                    
304161800       19850227    355                5.31                    
304161800       19860316    263                4.75                    
304161800       19861231    3646               5.42                    
304161800       19880610    5526               6.44                    
304161800       19890626    212                4.40                    
304161800       19891209    2126               4.40                    
304161800       19910527    178                4.13                    
304161800       19920426    146                3.85                    
304161800       19930401    271                4.91                    
304161800       19940221    17012                                      
304161800       19950629    135                3.66                    
304161800       19960621    291                4.92                    
304161800       19970331    252                4.63                    
304161800       19980220    182                4.08                    
304161800       19990122    276                4.81                    
304161800       20000925    200                4.30                    
304161800       20010210    373                5.47                    
304161800       20011108    3056               5.04                    
304161800       20030407    140                3.93                    
304161800       20040524    549                5.83                    
304161800       20041108    2616               4.76                    
304161800       20060314    212                4.362                   
304161800       20070316    157                3.89                    
304161800       20080915    288                4.92                    
304161800       20090309    288                4.92                    
304161800       20100312    306                5.04                    
304161800       20110525    2826               4.88                    
304161800       20120505    3946               5.42                    
304161800       20130627    2906               4.93                    
