Z04128000                       USGS 
H04128000       4517560843640002626031SW04070004198            740              
N04128000       STURGEON RIVER NEAR WOLVERINE, MI
Y04128000       
304128000       19430401    919                5.45                    
304128000       19431107    494                3.64                    
304128000       19450317    652                4.24                    
304128000       19451103    558                3.90                    
304128000       19470412    558                3.89                    
304128000       19480322    760                4.24                    
304128000       19490328    5501                                       
304128000       19500328    498                3.53                    
304128000       19510426    585                3.67                    
304128000       19520414    620                3.88                    
304128000       19530324    638                3.95                    
304128000       19540427    812                4.43                    
304128000       19541016    638                3.95                    
304128000       19560403    725                4.20                    
304128000       19570425    3901                                       
304128000       19571116    3101                                       
304128000       19590419    771                3.596                   
304128000       19600418   1010                3.86                    
304128000       19610914   1180                4.48                    
304128000       19611001    575                3.37                    
304128000       19630509    990                3.80                    
304128000       19640418    525                3.02                    
304128000       19650412    946                3.66                    
304128000       19660210    610                3.07                    
304128000       19670401    766                3.24                    
304128000       19680320    562                2.822                   
304128000       19690729    732                3.16                    
304128000       19700924    725                3.15                    
304128000       19710413    728                3.04                    
304128000       19720929   1290                3.72                    
304128000       19730119    634                2.76                    
304128000       19740414    868                3.12                    
304128000       19750419    838                3.23                    
304128000       19760327    815                3.11                    
304128000       19770329    735                2.93                    
304128000       19780411    610                2.78                    
304128000       19790331    886                3.31                    
304128000       19800409    705                2.97                    
304128000       19810404    485                2.582                   
304128000       19820417    610                2.78                    
304128000       19830507    862                3.27                    
304128000       19831014    565                2.652                   
304128000       19841229    750                3.06                    
304128000       19860326    775                3.08                    
304128000       19861003    570                2.69                    
304128000       19880404    772                2.98                    
304128000       19890328    847                3.10                    
304128000       19900316    936                3.23                    
304128000       19910328    834                3.04                    
304128000       19911025    847                3.10                    
304128000       19930914    684                2.84                    
304128000       19940414    557                2.612                   
