Z04097500                       USGS 
H04097500       4156250853758002626149SW040500011350           781.34           
N04097500       ST. JOSEPH RIVER AT THREE RIVERS, MI
Y04097500       
304097500       19500427   82607              10.60        1918          
304097500       19540329   3200                6.70                    
304097500       19550325   2620                5.91                    
304097500       19560512   3740                7.34                    
304097500       19570430   2320                5.52                    
304097500       19580304   2330                5.54                    
304097500       19590406   3690                7.24                    
304097500       19600117   3970                7.56                    
304097500       19610427   4030                7.62                    
304097500       19620324   4200                7.78                    
304097500       19630320   2530                6.10                    
304097500       19640406   1620                4.65                    
304097500       19650308   2830                6.23                    
304097500       19660516   3350                6.99                    
304097500       19670407   3810                7.38                    
304097500       19680205   4910                8.40                    
304097500       19690201   4420                7.98                    
304097500       19700410   3290                6.80                    
304097500       19710222   3600                7.15                    
304097500       19720419   3310                6.82                    
304097500       19730103   3840                7.41                    
304097500       19740311   5570                8.91                    
304097500       19750227   2830                6.23                    
304097500       19760307   5810                9.08                    
304097500       19770331   2560                5.82                    
304097500       19780630   4810                8.26                    
304097500       19790309   4230                7.69                    
304097500       19800607   5540                8.87                    
304097500       19810224   4190                7.45                    
304097500       19820321   8180               10.69                    
304097500       19830510   4320                7.71                    
304097500       19930106   5240                8.51                    
304097500       19931020   3170                6.75                    
304097500       19950314   2040                5.20                    
304097500       19960424   3270                6.64                    
304097500       19970301   4580                7.92                    
304097500       19980111   4560                7.90                    
304097500       19990425   3980                7.32                    
304097500       20000627   3350                6.65                    
304097500       20010214   5000                8.32                    
304097500       20020514   4000                7.34                    
304097500       20030407   2700                5.95                    
304097500       20040614   3350                6.73                    
304097500       20050116   4630                7.99                    
304097500       20060315   3030                6.29                    
304097500       20070108   3470                6.84                    
304097500       20080112   6330                9.44                    
304097500       20090312   6470                9.55                    
304097500       20100525   3520                6.74                    
304097500       20110430   4190                7.43                    
304097500       20120125   3630                6.85                    
304097500       20130422   5060                8.34                    
