Z04161000                       USGS 
H04161000       4238000831328002626125SW04090003123            846.50           
N04161000       CLINTON RIVER AT AUBURN HILLS, MI
Y04161000       
304161000       19360206    30012              4.5613                   
304161000       19370712    445                3.903                   
304161000       19380212    716                5.103                   
304161000       19390228    245                2.923                   
304161000       19400326    498                3.313                   
304161000       19570708    503                3.246                   
304161000       19580703    425                3.01                    
304161000       19590402    536                3.342                   
304161000       19591006    374                2.90                    
304161000       19610601    473                3.21                    
304161000       19620312    512                3.27                    
304161000       19630610    396                2.96                    
304161000       19640429    230                2.33                    
304161000       19650210    628                3.43                    
304161000       19651225    410                2.90                    
304161000       19670609    656                3.52                    
304161000       19680625   1400                4.88                    
304161000       19690704   1150                4.47                    
304161000       19700829    462                3.03                    
304161000       19710220    490                3.10                    
304161000       19720823    970                4.12                    
304161000       19730626   1080                4.33                    
304161000       19740305   1360                4.86                    
304161000       19750419   1720                5.37                    
304161000       19760320    7951               3.77                    
304161000       19770402    805                3.71                    
304161000       19780513    610                3.39                    
304161000       19790413   1020                4.23                    
304161000       19800922   1210                4.51                    
304161000       19810930   1780                5.41                    
304161000       19820330   1030                4.21                    
304161000       19830502   1070                4.32                    
304161000       19840316    970                4.12                    
304161000       19850824   1730                5.38                    
304161000       19860927   1690                5.33                    
304161000       19870621   1520                5.09                    
304161000       19880722   1250                4.63                    
304161000       19890727   1640                5.25                    
304161000       19900819   1120                4.42                    
304161000       19910526   1130                4.43                    
304161000       20011016   1140                4.05                    
304161000       20030404    721                3.30                    
304161000       20050716   1180                4.57                    
304161000       20060216   1200                4.61                    
304161000       20070105    862                3.96                    
304161000       20080914   1650                5.33                    
304161000       20090619   1180                4.57                    
304161000       20100606   1280                4.75                    
304161000       20110728   1780                5.52                    
304161000       20120810   1570                5.20                    
304161000       20130627   1830                5.59                    
