Z04147500                       USGS 
H04147500       4306400833110002626049SW04080204530            721.39           
N04147500       FLINT RIVER NEAR OTISVILLE, MI
Y04147500       
304147500       19530809   12005               8.43                    
304147500       19540220   30305              12.45                    
304147500       19550307   12205               8.28                    
304147500       19560513   45005              13.78                    
304147500       19570523   13205               8.68                    
304147500       19580304    9395               6.93                    
304147500       19590405   35105              12.92                    
304147500       19600401   61505              14.97                    
304147500       19610430    9595               7.30                    
304147500       19620321   29205              12.26                    
304147500       19630327   17105              10.03                    
304147500       19640410    3765               4.34                    
304147500       19650410   39805              13.62                    
304147500       19660327    8285               6.79                    
304147500       19670330   26405              12.16                    
304147500       19680205   43705              13.94                    
304147500       19690513   16305              10.03                    
304147500       19700413    8105               6.65                    
304147500       19710318   27505              12.30                    
304147500       19720420   21805              11.15                    
304147500       19730104   32305              12.90                    
304147500       19740308   27205              12.26                    
304147500       19750422   39805              13.62                    
304147500       19760307   46805              14.18                    
304147500       19770313    9875               7.56                    
304147500       19780327   27005              12.24                    
304147500       19790416   17505              10.40                    
304147500       19800418   14205               9.21                    
304147500       19810220   26405              12.16                    
304147500       19820317   42005              13.55                    
304147500       19830505   16005               9.67                    
304147500       19840216   19205               9.70                    
304147500       19850407   58505              14.80                    
304147500       19860913   43905              13.78                    
304147500       19861002   45805              13.93                    
304147500       19871223   16305               9.48                    
304147500       19890623   12705               8.12                    
304147500       19910330   16205               9.43                    
304147500       19920425   18805              10.31                    
304147500       19930331   23205              11.59                    
304147500       19940710   26205              12.13                    
304147500       19950315   20305              10.86                    
304147500       19960624   74705              15.73                    
304147500       19970223   35905              13.11                    
304147500       19980321   23305              11.62                    
304147500       19990427   14505               8.86                    
304147500       20000522   16305               9.50                    
304147500       20010212   41605              13.60                    
304147500       20020312   16305               9.69                    
304147500       20030320   11505               7.85                    
304147500       20040526   38605              13.30                    
304147500       20050116   16705               9.83                    
304147500       20060315   30305              12.51                    
304147500       20070315   20905              11.04                    
304147500       20080918   22905              11.47                    
304147500       20090214   41905              13.57                    
304147500       20100516   20005              10.81                    
304147500       20110517   36105              13.07                    
304147500       20111102   18505              10.39                    
304147500       20130413   43105              13.67                    
