Z04062200                       USGS 
H04062200       4633250880009002626103SW04030107133            1557.49          
N04062200       PESHEKEE RIVER NEAR CHAMPION, MI
Y04062200       
304062200       19620428   1830                5.44                    
304062200       19630404   2860                7.012                   
304062200       19640418   2650                6.73                    
304062200       19650508   3610                8.01                    
304062200       19660425   2290                6.25                    
304062200       19670418   2750                6.872                   
304062200       19680330   1920                5.762                   
304062200       19690422   2840                6.98                    
304062200       19700428   1770                5.56                    
304062200       19710421   2560                6.62                    
304062200       19720506   2670                6.76                    
304062200       19730508   2040                5.922                   
304062200       19740422   2180                6.11                    
304062200       19750504   2720                6.83                    
304062200       19760418   3540                7.92                    
304062200       19770417   2160                6.10                    
304062200       19780912   2770                6.89                    
304062200       19790426   3400                7.73                    
304062200       19800425   2070                5.96                    
304062200       19810404   1540                5.26                    
304062200       19820426   2730                6.84                    
304062200       19850421   61007              10.90                    
304062200       20010424   2550                6.84                    
304062200       20020418   6740               10.73                    
304062200       20030513   3260                7.64                    
304062200       20040419   3610                8.01                    
304062200       20050408   1960                6.082                   
304062200       20060415   2230                6.44                    
304062200       20070423   2080                6.25                    
304062200       20080423   2760                7.09                    
304062200       20090501   1550                5.49                    
304062200       20100925   1520                5.452                   
304062200       20110414   1810                5.872                   
304062200       20120320   22002E                                      
304062200       20130501   40002E                                      
