Z04176500                       USGS 
H04176500       4157380833152002626115SW041000021042           616.26           
N04176500       RIVER RAISIN NEAR MONROE, MI
Y04176500       
304176500       19380410   4020                8.153                   
304176500       19390220   6520                8.873                   
304176500       19400331   1870                7.073                   
304176500       19410103   2630                7.423                   
304176500       19420317   5700                8.643                   
304176500       19430520  10900                9.803                   
304176500       19440624   5100                8.423                   
304176500       19450519  12900               10.103                   
304176500       19460307   3510                7.793                   
304176500       19470406  11200                9.853                   
304176500       19480322   8350                9.283                   
304176500       19490216   7100                8.9823                   
304176500       19500329  12900               10.083                   
304176500       19510222   8350                9.313                   
304176500       19520118   6900                8.9323                   
304176500       19530307   2610                7.403                   
304176500       19540326   4790                7.186                   
304176500       19550301   4940                7.33                    
304176500       19560502   8870                9.30                    
304176500       19570427   4390                6.86                    
304176500       19571221   4400                7.151                   
304176500       19590307   6160                7.892                   
304176500       19600116   5590                7.57                    
304176500       19610426   7740                8.72                    
304176500       19620314   7200                                        
304176500       19630315   2700                                        
304176500       19640403   1630                4.70                    
304176500       19650210   5840                7.71                    
304176500       19651226   5120                7.31                    
304176500       19661208   5260                7.43                    
304176500       19680203   9270                9.49                    
304176500       19690130   7170                8.38                    
304176500       19700308   3270                6.06                    
304176500       19710223   5550                7.552                   
304176500       19720919   40002               7.822                   
304176500       19730703   5960                7.74                    
304176500       19740310   7020                8.202                   
304176500       19750225   6280                7.88                    
304176500       19760219  11600                9.74                    
304176500       19770309   6230                7.85                    
304176500       19780323  12400                9.95                    
304176500       19790414   5850                7.74                    
304176500       19800322   5650                7.62                    
304176500       19810906  14500               10.22                    
304176500       19820316  15300               10.402                   
304176500       19830503   8600                9.12                    
304176500       19840216   5620                7.60                    
304176500       19850226  13100               10.06                    
304176500       19860314   5350                7.43                    
304176500       19861004   4450                6.87                    
304176500       19871216   4520                6.92                    
304176500       19890604   8260                8.97                    
304176500       19900224   8280                8.98                    
304176500       19910101   80002                                       
304176500       19920425   4000                6.57                    
304176500       19930106   7660                8.91                    
304176500       19940416   3560                6.272                   
304176500       19950121   3110                5.92                    
304176500       19960621   5390                7.45                    
304176500       19970315   6030                7.83                    
304176500       19980220   7680                8.69                    
304176500       19990126   7870                8.79                    
304176500       20000522   5570                7.49                    
304176500       20010213   8260                8.97                    
304176500       20020515   6640                8.13                    
304176500       20030510   4400                6.73                    
304176500       20040618   4860                7.04                    
304176500       20050114   6800                8.21                    
304176500       20060625   4270                6.64                    
304176500       20070106   5670                7.55                    
304176500       20080209   7930                8.82                    
304176500       20090312  12900               10.03                    
304176500       20100526   5060                7.17                    
304176500       20110501   7250                8.46                    
304176500       20111201  13600               10.21                    
304176500       20130419   4520                6.81                    
