Z04152500                       USGS 
H04152500       4352460842826002626051SW04080201487            683.27           
N04152500       TOBACCO RIVER AT GLIDDEN ROAD AT BEAVERTON, MI
Y04152500       
304152500       19480320   71005              12.40                    
304152500       19490225   17805               6.34                    
304152500       19500328   62005              11.58                    
304152500       19510426   22705               7.14                    
304152500       19520322   37905               9.09                    
304152500       19530221   37905               9.14                    
304152500       19540428   25505               7.50                    
304152500       19550322   29805               8.14                    
304152500       19560404   58005              11.21                    
304152500       19570709   76805              12.95                    
304152500       19580407   24205               7.31                    
304152500       19590404   53105              10.71                    
304152500       19600331   57205              11.12                    
304152500       19610417   26105               7.58                    
304152500       19620503   47205              10.12                    
304152500       19630327   31205               8.27                    
304152500       19640430   16005               5.99                    
304152500       19650412   43605               9.73                    
304152500       19651127   31405               8.30                    
304152500       19661209   36005               8.88                    
304152500       19680528   33005               8.50                    
304152500       19690418   31905               8.36                    
304152500       19700602   38405               9.16                    
304152500       19710402   27205               7.74                    
304152500       19720827   51205              10.53                    
304152500       19730119   28005               7.86                    
304152500       19740517   40505               9.39                    
304152500       19750902   52505              11.451                   
304152500       19760321   56405              11.04                    
304152500       19770310   16205               6.03                    
304152500       19780401   20705               6.79                    
304152500       19790331   21105               6.85                    
304152500       19800409   17505               6.19                    
304152500       19810429   26305               7.62                    
304152500       19820325   20405               6.74                    
