Z04144000                       USGS 
H04144000       4249250835645002626155SW04080203365            811.54           
N04144000       SHIAWASSEE RIVER AT BATH ROAD AT BYRON, MI
Y04144000       
304144000       19480513   2860               12.51                    
304144000       19490217   2270               11.39                    
304144000       19500406   2220               11.31                    
304144000       19510221   2270               11.38                    
304144000       19520415   1580                9.99                    
304144000       19530306    860                7.90                    
304144000       19540218   1620               10.10                    
304144000       19550306   1290                9.302                   
304144000       19560515   2840               12.58                    
304144000       19570715   1410               10.21                    
304144000       19571222    848                7.85                    
304144000       19590318   1550                9.932                   
304144000       19600401   2900               12.58                    
304144000       19610428    955                8.412                   
304144000       19620315   2360               11.58                    
304144000       19630327    7352               7.382                   
304144000       19640514    375                5.98                    
304144000       19650211   16002                                       
304144000       19660326    722                7.33                    
304144000       19670329    949                8.33                    
304144000       19680205   2150               11.34                    
304144000       19690512   1060                8.792                   
304144000       19700410    835                7.87                    
304144000       19710318   1200                9.152                   
304144000       19720421   1210                9.09                    
304144000       19721231   1980               11.00                    
304144000       19740311   1900               10.84                    
304144000       19750422   3880               15.25                    
304144000       19760307   1770               11.31                    
304144000       19770401    829                7.93                    
304144000       19780326   1260                9.36                    
304144000       19790308   1220                9.25                    
304144000       19800409   1140                8.83                    
304144000       19810220   1340                9.60                    
304144000       19811004   2240               12.05                    
304144000       19830505   1170                8.84                    
