Z04145000                       USGS 
H04145000       4315170840620002626145SW04080203637            585.80           
N04145000       SHIAWASSEE RIVER NEAR FERGUS, MI
Y04145000       
304145000       19400331   3080               11.102                   
304145000       19410103   2270               10.25                    
304145000       19420317   54002                   2                   
304145000       19430602   51002                                       
304145000       19440227   3850               11.55                    
304145000       19450518   4600               11.88                    
304145000       19460306   3900                    2                   
304145000       19470406   7500               12.50                    
304145000       19480320   7300               12.55                    
304145000       19490216   4900               12.00                    
304145000       19500404   5600               12.212                   
304145000       19510220   40002              13.071                   
304145000       19520414   3870               11.932                   
304145000       19530304   1900               10.101                   
304145000       19540219   3710               11.80                    
304145000       19550305   22002              11.071                   
304145000       19560514   52002                   2                   
304145000       19570712   4080               12.10                    
304145000       19571221   1380                9.202                   
304145000       19590403   3590               11.702                   
304145000       19600330   5390               13.042                   
304145000       19610425   2750               10.90                    
304145000       19620314   40002              13.301                   
304145000       19630325   1600               10.101                   
304145000       19640622   1000                6.70                    
304145000       19650407   3350               10.192                   
304145000       19660312   1370                6.432                   
304145000       19670417   5160               11.30                    
304145000       19680202   35002                   2                   
304145000       19690510   2360                7.652                   
304145000       19700408   1880                6.45                    
304145000       19710315   4580               12.942                   
304145000       19720417   4730               12.30                    
304145000       19721231   5300               14.891                   
304145000       19740518   4190               11.602                   
304145000       19750423   5220               12.85                    
304145000       19760305   4930               12.522                   
304145000       19770406   1260                6.402                   
304145000       19780401   2730                9.372                   
304145000       19790310   20002                                       
304145000       19800405   1630                7.182                   
304145000       19810219   4000               13.881                   
304145000       19811002   7340               14.84                    
304145000       19830502   3300                9.66                    
304145000       19840322   1900                7.142                   
304145000       19890628   2170                7.312                   
304145000       19900312   3700                9.95                    
304145000       19901128   3890               10.24                    
304145000       19920425   3120                9.73                    
304145000       19930421   4050               11.42                    
304145000       19940221   4730               12.25                    
304145000       20020310   2840                9.25                    
304145000       20030408   1630                6.422                   
304145000       20040525   5170               12.74                    
304145000       20050114   30901              12.081                   
304145000       20060313   3390               10.29                    
304145000       20070606   3130                9.822                   
304145000       20080915   2930                9.512                   
304145000       20090429   5570               13.152                   
304145000       20100514   4030               11.39                    
304145000       20110429   4850               12.39                    
