Z04124500                       USGS 
H04124500       4406090853102002626133SW0406010360.0           1077.65          
N04124500       EAST BRANCH PINE RIVER NEAR TUSTIN, MI
Y04124500       
304124500       19530323    251                4.16                    
304124500       19540408    239                4.06                    
304124500       19550315    180                3.67                    
304124500       19560804    876                6.23                    
304124500       19570708    195                3.65                    
304124500       19580406    309                4.13                    
304124500       19590407    536                5.19                    
304124500       19600403    429                4.79                    
304124500       19610416    145                3.37                    
304124500       19620330    402                4.58                    
304124500       19630330    464                4.77                    
304124500       19640501    106                3.05                    
304124500       19650413    600                5.35                    
304124500       19680202    300                4.28                    
304124500       19690727    460                4.80                    
304124500       19700603    285                4.22                    
304124500       19710413    7622                                       
304124500       19720415    492                4.88                    
304124500       19730120    354                4.48                    
304124500       19740415    600                5.30                    
304124500       19750901    250                4.41                    
304124500       19760328    668                5.63                    
304124500       19780407    310                4.32                    
304124500       19790331    460                5.13                    
304124500       19800409    206                4.11                    
304124500       19810429    196                4.04                    
304124500       19820325    292                4.55                    
304124500       19821204    310                4.59                    
304124500       19840526    232                4.23                    
304124500       19850910    578                5.89                    
304124500       19860911    546                5.78                    
304124500       19861005    113                3.18                    
304124500       19880202    405                5.18                    
304124500       19890329    644                6.11                    
304124500       19900313    442                5.15                    
304124500       19920309    429                4.56                    
304124500       19930420    408                4.44                    
304124500       19940220    255                4.00                    
304124500       19950427    204                3.68                    
304124500       19960119    178                3.58                    
304124500       19970329    253                3.99                    
304124500       19980401    368                4.54                    
304124500       19990723    267                4.14                    
304124500       20000518    267                4.14                    
304124500       20010412    544                5.24                    
304124500       20020309    309                4.28                    
304124500       20030319     86                2.81                    
304124500       20040305    371                4.57                    
304124500       20050331    401                4.83                    
304124500       20060314    40012                                      
304124500       20070322    497                5.26                    
304124500       20080613    760                6.26                    
304124500       20081228    198                3.67                    
304124500       20100312    334                4.50                    
304124500       20110427    440                4.94                    
304124500       20120503    665                5.91                    
304124500       20130410    431                4.97                    
