Z04127800                       USGS 
H04127800       4506090850553002626009SW0406010567.9           596.43           
N04127800       JORDAN RIVER NEAR EAST JORDAN, MI
Y04127800       
304127800       19661128    540                5.16                    
304127800       19680709    612                5.22                    
304127800       19690627    694                5.34                    
304127800       19700924    832                5.56                    
304127800       19710723    458                4.742                   
304127800       19720929   1180                6.07                    
304127800       19730629    478                4.81                    
304127800       19740414    584                5.11                    
304127800       19750719   1360                6.51                    
304127800       19760320    685                5.33                    
304127800       19770329    598                5.152                   
304127800       19780918    810                5.58                    
304127800       19790331    970                5.77                    
304127800       19800619    552                5.11                    
304127800       19810404    710                5.38                    
304127800       19820417    518                4.97                    
304127800       19830507    725                5.41                    
304127800       19831003    580                5.11                    
304127800       19850908   1010                6.05                    
304127800       19860326    750                5.46                    
304127800       19861003    785                5.53                    
304127800       19880404    701                5.47                    
304127800       19890327    773                5.64                    
304127800       19900312    747                5.58                    
304127800       19910328    629                5.29                    
304127800       19911025    926                5.97                    
304127800       19930914    786                5.67                    
304127800       19940425    668                5.39                    
304127800       19950817    713                5.50                    
304127800       19960420    625                5.28                    
304127800       19970430    599                5.24                    
304127800       19980331    645                5.33                    
304127800       19990602    813                5.73                    
304127800       20000226    478                4.86                    
304127800       20010412    599                5.21                    
304127800       20020822    701                5.47                    
304127800       20030721    388                4.53                    
304127800       20040524    644                5.45                    
304127800       20041207    478                4.84                    
304127800       20060826    494                4.91                    
304127800       20070322    468                4.792                   
304127800       20080108    472                4.81                    
304127800       20081228    476                4.832                   
304127800       20100923    521                4.99                    
304127800       20110427    738                5.56                    
304127800       20120420    552                5.01                    
304127800       20121014    531                4.93                    
