Z04165500                       USGS 
H04165500       4235450825432002626099SW04090003734            570.43           
N04165500       CLINTON RIVER AT MORAVIAN DRIVE AT MT. CLEMENS, MI
Y04165500       
304165500       19350312   3320               11.20                    
304165500       19360312   2960               10.60                    
304165500       19370422   5760               14.80                    
304165500       19380214  13900               20.70                    
304165500       19390220   8460               17.13                    
304165500       19400330   4940               13.24                    
304165500       19401230   5460               13.93                    
304165500       19420318   4150               12.50                    
304165500       19430512  17700               21.89                    
304165500       19440228   3130               11.00                    
304165500       19450518  12200               19.28                    
304165500       19460618  12400               19.43                    
304165500       19470406  21200               23.55                    
304165500       19480511  13500               19.89                    
304165500       19490215   7000               16.30                    
304165500       19500405  13000               20.04                    
304165500       19501209   7270               15.80                    
304165500       19520312   7040               13.85                    
304165500       19530304   2600                9.41                    
304165500       19540326   6930               13.76                    
304165500       19550301   2970                9.672                   
304165500       19560430  13400               17.74                    
304165500       19570520   6570               13.27                    
304165500       19571221   4740               11.28                    
304165500       19590403   5130               11.71                    
304165500       19600331   5210               11.80                    
304165500       19610426   3000                9.70                    
304165500       19620313  10300               16.07                    
304165500       19630510   2580                8.45                    
304165500       19640429   1940                7.54                    
304165500       19650211   8250               14.84                    
304165500       19651225   4130               10.32                    
304165500       19670720   5550               12.15                    
304165500       19680202  14600               18.26                    
304165500       19690705   5250               11.40                    
304165500       19700618   3020                8.662                   
304165500       19710205   4500               11.01                    
304165500       19720417   3880               10.26                    
304165500       19721231   5390               11.69                    
304165500       19740306  10200               15.69                    
304165500       19750420  12100               16.58                    
304165500       19760303   6910               13.48                    
304165500       19770403   4770               11.31                    
304165500       19780322   4380               11.14                    
304165500       19790414   6000               12.60                    
304165500       19800404   5040               11.69                    
304165500       19810220   4180               10.76                    
304165500       19811001   9920               15.81                    
304165500       19830502   7260               13.81                    
304165500       19840321   6450               13.07                    
304165500       19850225   9800               16.251                   
304165500       19860311   5310               12.48                    
304165500       19870406   31002                                       
304165500       19871215   4180               10.91                    
304165500       19890622   4230               10.63                    
304165500       19900223   7800               14.50                    
304165500       19910526   6460               13.06                    
304165500       19920715   3260                9.55                    
304165500       19930105   7690               14.39                    
304165500       19940614   4160               10.622                   
304165500       19950308   3990               10.41                    
304165500       19960619   7840               14.66                    
304165500       19970222   7280               13.35                    
304165500       19980218   8800               14.84                    
304165500       19990423   7160               13.06                    
304165500       20000421   5170               11.95                    
304165500       20010210  12600               16.59                    
304165500       20011130   5710               11.82                    
304165500       20030405   5170               11.25                    
304165500       20040524  13700               18.71                    
304165500       20050216   4740               12.54                    
304165500       20060218   4330               12.60                    
304165500       20061201   4370               12.48                    
304165500       20080915   9000               15.36                    
304165500       20090212   9830               14.88                    
304165500       20100428   6680               11.26                    
304165500       20110526   8010               14.06                    
304165500       20111130   8080               15.032                   
304165500       20130412   6160               12.64                    
