Z04121000                       USGS 
H04121000       4420080845324002626113SW04060102355            1117.82          
N04121000       MUSKEGON RIVER AT STATE HWY M-55 NEAR MERRITT, MI
Y04121000       
304121000       19470417    9045               7.61                    
304121000       19480330    7045               7.10                    
304121000       19490402    5845               6.82                    
304121000       19500428    7445               7.20                    
304121000       19510413    9655               7.65                    
304121000       19520403    8905               7.48                    
304121000       19530331   10505               7.77                    
304121000       19540413    7965               7.28                    
304121000       19550405    6645               6.98                    
304121000       19560409    9305               7.572                   
304121000       19570711    9625               8.25                    
304121000       19580411    4805               6.64                    
304121000       19590408   13405               8.16                    
304121000       19600418    9955               7.71                    
304121000       19610419    4755               6.62                    
304121000       19620331    9505               7.62                    
304121000       19630402    8015               7.80                    
304121000       19640409    3845               6.11                    
304121000       19650416    9155               7.75                    
304121000       19651216    5315               7.18                    
304121000       19670403    8785               7.46                    
304121000       19680320    3995               6.322                   
304121000       19690801    7705               7.58                    
304121000       19700411    5735               6.882                   
304121000       19710414   11605               8.13                    
304121000       19720419    9005               7.62                    
304121000       19730317    7465               7.37                    
304121000       19740417    9155               7.82                    
304121000       19750903    7415               7.28                    
304121000       19760328   12905               8.59                    
304121000       19770314    7905               7.59                    
304121000       19780408    6105               7.15                    
