Z04151500                       USGS 
H04151500       4319400834453002626145SW04080205841            583.96           
N04151500       CASS RIVER AT FRANKENMUTH, MI
Y04151500       
304151500       19080316   95507              20.98                    
304151500       19400401   5650               15.48                    
304151500       19401230   2600               11.131                   
304151500       19420318  17700               20.882                   
304151500       19430316  16100               20.50                    
304151500       19440228   51802                                       
304151500       19450603   7360               17.27                    
304151500       19460308  11800               19.081                   
304151500       19470406  15400               20.23                    
304151500       19480320  17600               20.831                   
304151500       19490216   5290               15.2215                   
304151500       19500328  12500               21.006                   
304151500       19510221   8000               18.981                   
304151500       19520312   7100               20.031                   
304151500       19530503   5900               16.70                    
304151500       19540326   8000               18.212                   
304151500       19550312   4800               15.51                    
304151500       19560308   80002              18.731                   
304151500       19570227   3400               13.342                   
304151500       19580305   2760               12.112                   
304151500       19590403   8560               18.77                    
304151500       19600401  11900               21.00                    
304151500       19610927   2590               11.78                    
304151500       19620320   8870               19.64                    
304151500       19630326   5290               16.32                    
304151500       19640501    615                6.50                    
304151500       19650409   7330               18.36                    
304151500       19660325   3440               13.742                   
304151500       19670329  11000               20.60                    
304151500       19680203  11000               23.371                   
304151500       19690511   6960               18.40                    
304151500       19700712   6300               17.40                    
304151500       19710317   8460               19.16                    
304151500       19720323   7510               18.50                    
304151500       19730102   7200               20.31                    
304151500       19740306   8920               19.44                    
304151500       19750420   7910               18.80                    
304151500       19760306  13700               22.83                    
304151500       19770919   3400               13.72                    
304151500       19780325   8090               18.92                    
304151500       19790306   5930               18.431                   
304151500       19800416   4050               14.75                    
304151500       19810906   8320               19.79                    
304151500       19820317   88602                   1                   
304151500       19830416   5180               15.80                    
304151500       19840619   8720               19.202                   
304151500       19850407  12700               22.16                    
304151500       19860912  22200               27.52                    
304151500       19861001  11000               20.96                    
304151500       19871222   4780               15.30                    
304151500       19890316   3570               13.55                    
304151500       19900313   7710               18.33                    
304151500       19910329   8380               19.14                    
304151500       19920418   8950               19.60                    
304151500       19930421   7620               18.49                    
304151500       19940709  12200               21.94                    
304151500       19950314   5440               16.38                    
304151500       19960522  13900               23.04                    
304151500       19970223  14300               23.28                    
304151500       19980320   9470               20.01                    
304151500       19990424   3500               13.74                    
304151500       20000519   4830               15.61                    
304151500       20010211   9980               20.40                    
304151500       20020311   7710               18.57                    
304151500       20030318   2550               12.43                    
304151500       20040307  11000               21.09                    
304151500       20050115   7070               17.90                    
304151500       20060311  10000               20.35                    
304151500       20061203   7030               17.682                   
304151500       20080402   68002                                       
304151500       20090213  12600               22.17                    
304151500       20100515   6220               17.06                    
304151500       20110430   9860               20.23                    
304151500       20120304   4450               15.12                    
304151500       20130413  10700               20.82                    
