Z04033000                       USGS 
H04033000       4621250890435002626131SW04020102164            1485.66          
N04033000       MIDDLE BRANCH ONTONAGON RIVER NEAR PAULDING, MI
Y04033000       
304033000       19430426   1040                8.08                    
304033000       19440606   1320                9.15                    
304033000       19450523    872                7.37                    
304033000       19460625   1160                8.13                    
304033000       19470424    728                6.56                    
304033000       19480428    343                5.042                   
304033000       19490506    596                6.16                    
304033000       19500507   1400                9.09                    
304033000       19510430   2050               10.00                    
304033000       19520421   1480                8.84                    
304033000       19530702   1640                9.42                    
304033000       19540428   1120                8.00                    
304033000       19541016   1120                8.00                    
304033000       19560531    572                6.08                    
304033000       19570421   1080                8.02                    
304033000       19580702    698                6.67                    
304033000       19590418    579                6.18                    
304033000       19600425   1700               10.07                    
304033000       19610422    742                6.84                    
304033000       19620423    550                6.06                    
304033000       19630403    529                6.11                    
304033000       19640525    768                6.76                    
304033000       19650510   1220                8.49                    
304033000       19660422    719                6.65                    
304033000       19670418   1150                8.28                    
304033000       19680910    519                5.93                    
304033000       19690415    989                7.73                    
304033000       19700601    938                7.55                    
304033000       19710418   1240                8.58                    
304033000       19720501   1010                7.80                    
304033000       19730511    812                7.10                    
304033000       19740422    615                6.33                    
304033000       19750425   1040                7.91                    
304033000       19760417    94012                                      
304033000       19770422    386                5.282                   
304033000       19780825    688                6.63                    
304033000       19790425   1340                8.90                    
304033000       19791023    522                5.94                    
304033000       19810615    740                6.87                    
304033000       19820426   1090                8.18                    
304033000       19830427    584                6.20                    
304033000       19840415    716                6.74                    
304033000       19850421   1400                9.16                    
304033000       19860402   1040                7.91                    
304033000       19861012    405                5.452                   
304033000       19880407    886                7.45                    
304033000       19881118    697                6.74                    
304033000       19900315    4802               6.911                   
304033000       19910409    680                6.67                    
304033000       19920422    906                7.52                    
304033000       19930505    637                6.50                    
304033000       19940428    434                5.62                    
304033000       19950515    425                5.58                    
304033000       20010413    783                7.07                    
304033000       20020417   1900               10.60                    
304033000       20030513   1450                9.31                    
304033000       20040420   1080                8.04                    
304033000       20050407    650                6.45                    
304033000       20051006    692                6.65                    
304033000       20070328    475                5.75                    
304033000       20080423    818                7.20                    
304033000       20090425    521                6.01                    
304033000       20100926    864                7.37                    
304033000       20110429    471                5.79                    
304033000       20120319    335                5.142                   
304033000       20130501   1630                9.57                    
