Z04066003                       USGS 
H04066003       4534460874713002655109SW040301083140           740              
N04066003       MENOMINEE RIVER BELOW PEMENE CREEK NEAR PEMBINE,WI
Y04066003       
304066003       19500510  205005               11.63                   
304066003       19510414  211005              11.843                   
304066003       19520422  171005               10.523                   
304066003       19530703  255005              13.063                   
304066003       19540429  198005              11.363                   
304066003       19550417  151005               9.823                   
304066003       19560712   78405               6.683                   
304066003       19570423   91005               7.2323                   
304066003       19580702  132005               9.1523                   
304066003       19590930   97205               7.6323                   
304066003       19600508  269005               13.93                   
304066003       19610516  122005               8.7623                   
304066003       19620501   81605               6.8323                   
304066003       19630513   63705                5.823                   
304066003       19640526   83405               7.023                   
304066003       19650511  215005               12.13                   
304066003       19660423   94805               7.493                   
304066003       19670420  169005              10.523                   
304066003       19680911  124005               8.8423                   
304066003       19690416  119005                8.623                   
304066003       19700602  172005              10.663                   
304066003       19710419  158005               10.23                   
304066003       19720501  18000125E                                    
304066003       19730510  16000125E                                    
304066003       19740423   86405               12.33                   
304066003       19750425  172005               15.33                   
304066003       19760423  157005              14.753                   
304066003       19770422   77205              11.363                   
304066003       19780829   76205              11.323                   
304066003       19790427  173006               15.43                   
304066003       19800923   96705              12.263                   
304066003       19810616  185005              15.843                   
304066003       19820509  125005              13.563                   
304066003       19970407  140005              13.3626                   
304066003       19980402  128005              12.95                    
304066003       19990716  110005              12.31                    
304066003       20000310   56205              10.012                   
304066003       20010414   96605              11.79                    
304066003       20020419  223005              15.81                    
304066003       20030513  124005               12.82                   
304066003       20040422  145005              13.53                    
304066003       20050408   81105              11.162                   
304066003       20060514   79005              11.072                   
304066003       20070327   63305              10.242                   
304066003       20080423  113005              12.272                   
304066003       20090428   71205              10.61                    
304066003       20100925  103005              12.04                    
304066003       20110623   85705              11.352                   
304066003       20120318   50005               9.592                   
304066003       20130504  152005              13.62                    
