Z04174500                       USGS 
H04174500       4217130834402002626161SW04090005729            744.81           
N04174500       HURON RIVER AT ANN ARBOR, MI
Y04174500       
304174500       19020707   551027                                      
304174500       19040329   47002                                       
304174500       19060122   17301                                       
304174500       19070120   22501                                       
304174500       19080307   37301                                       
304174500       19090430   28501                                       
304174500       19100503   20301                                       
304174500       19110420   13201                                       
304174500       19120407   29801                                       
304174500       19130404   36901                                       
304174500       19140513   32661                                       
304174500       19150215   20501                                       
304174500       19160327   39511                                       
304174500       19170406   16691                                       
304174500       19180314   58401                                       
304174500       19190416   30871                                       
304174500       19200316   24851                                       
304174500       19210328   11391                                       
304174500       19220418   33571                                       
304174500       19230316   12301                                       
304174500       19240305   17501                                       
304174500       19250224   10401                                       
304174500       19260409   29501                                       
304174500       19270130    9271                                       
304174500       19271216    9421                                       
304174500       19290227   19301                                       
304174500       19300226   18201                                       
304174500       19310329    4671                                       
304174500       19320527    9571                                       
304174500       19330501   13001                                       
304174500       19340404   25901                                       
304174500       19350311   11601                                       
304174500       19360316   10401                                       
304174500       19370621   19601                                       
304174500       19380218   21401                                       
304174500       19390419   19201                                       
304174500       19400404   12801                                       
304174500       19410420    9221                                       
304174500       19420317   20901                                       
304174500       19430511   34501                                       
304174500       19440227   13001                                       
304174500       19450518   28901                                       
304174500       19460309   14101                                       
304174500       19470405   51701                                       
304174500       19490215   30501                                       
304174500       19500405   41701                                       
304174500       19510220   23301                                       
304174500       19520414   20901                                       
304174500       19530304    9281                                       
304174500       19540326   17401                                       
304174500       19541015   18201                                       
304174500       19560512   26901                                       
304174500       19570406   10301                                       
304174500       19571221   10901                                       
304174500       19590306   21101                                       
304174500       19600329   16801                                       
304174500       19610425   20301                                       
304174500       19620313   25001                                       
304174500       19630326   10001                                       
304174500       19640509    5241                                       
304174500       19650305   18201                                       
304174500       19651226   11501                                       
304174500       19670403   17101                                       
304174500       19680626   46105              17.50                    
304174500       19690130   24905              15.13                    
304174500       19700525   14805              14.17                    
304174500       19710220   30305              15.58                    
304174500       19720416   13505              13.99                    
304174500       19721109   35405              15.95                    
304174500       19740309   46505              16.74                    
304174500       19750831   31405              16.01                    
304174500       19760305   36605              16.45                    
304174500       19770618   20005              14.732                   
304174500       19780324   26305              15.43                    
304174500       19790413   16605              14.46                    
304174500       19800831   23105              15.08                    

