Z04155500                       USGS 
H04155500       4333520842209002626111SW04080202390            623.94           
N04155500       PINE RIVER NEAR MIDLAND, MI
Y04155500       
304155500       19350317   3100               13.501                   
304155500       19360318   1600               13.301                   
304155500       19370425   1460               10.702                   
304155500       19380206   50002              17.001                   
304155500       19480320   6360               10.00                    
304155500       19490228   16002                   2                   
304155500       19500328   4140                8.222                   
304155500       19510220   2000                8.202                   
304155500       19520414   2500                6.762                   
304155500       19530316   1550                5.622                   
304155500       19540427   2900                7.042                   
304155500       19550311   2360                6.47                    
304155500       19560507   3100                7.162                   
304155500       19570711   2160                6.702                   
304155500       19571119   1210                5.072                   
304155500       19590404   3440                7.542                   
304155500       19600331   4100                8.16                    
304155500       19610426   1050                4.58                    
304155500       19620503   2100                5.952                   
304155500       19630504    791                4.122                   
304155500       19640501    705                3.962                   
304155500       19650412   3880                7.752                   
304155500       19660304   1900                6.78                    
304155500       19670422   4100                7.95                    
304155500       19680202   2900               12.08                    
304155500       19690418   1960                5.78                    
304155500       19700409   1790                5.662                   
304155500       19701015   2190                6.742                   
304155500       19720322   2300                9.14                    
304155500       19721231   2180                6.592                   
304155500       19740304   4100                9.741                   
304155500       19750904   3190                8.34                    
304155500       19760306   3860                7.702                   
304155500       19770920   2280                6.69                    
304155500       19780405   3310                7.21                    
304155500       19790319   3370                7.27                    
304155500       19800322   2290                6.27                    
304155500       19810223   4240                8.08                    
304155500       19811002   3730                7.622                   
304155500       19830414   2330                6.21                    
304155500       19840322   1410                5.102                   
304155500       19850313   3550                7.442                   
304155500       19860912   9360               11.74                    
304155500       19861005   3400                7.16                    
304155500       19880204   1990                5.742                   
304155500       19890601   2750                6.722                   
304155500       19900312   3530                7.372                   
304155500       19910410   3290                7.14                    
304155500       19920422   1870                5.59                    
304155500       19930420   2660                6.502                   
304155500       19940221   30802               8.151                   
304155500       19941106   1680                5.422                   
304155500       19960521   3010                6.862                   
304155500       19970222   300012             13.811                   
304155500       20010516   2870                6.722                   
304155500       20020310   2790                6.63                    
304155500       20030512    7331                                       
304155500       20040305   335012              9.201                   
304155500       20050113   2800                6.65                    
304155500       20060314   3110                6.96                    
304155500       20061213   2140                5.922                   
304155500       20080401   2990                6.84                    
304155500       20090427   4890                8.582                   
304155500       20100315   1540                5.172                   
304155500       20110428   3550                7.39                    
304155500       20120811   1910                5.72                    
304155500       20130419   4990                8.66                    
