Z04166000                       USGS 
H04166000       4232450831325002626125SW0409000433.3           715.94           
N04166000       RIVER ROUGE AT BIRMINGHAM, MI
Y04166000       
304166000       19501207    320                3.85                    
304166000       19520311    370                4.10                    
304166000       19530304   92.0                2.65                    
304166000       19540325    244                3.78                    
304166000       19541003    170                3.33                    
304166000       19560429    700                5.38                    
304166000       19570708    488                4.67                    
304166000       19571220    193                3.37                    
304166000       19590306    446                4.46                    
304166000       19600328    313                3.97                    
304166000       19610425    184                3.32                    
304166000       19620312    624                5.60                    
304166000       19630609    252                3.75                    
304166000       19640619    117                2.90                    
304166000       19650210    608                5.31                    
304166000       19651225    200                3.30                    
304166000       19670719    168                3.11                    
304166000       19680626   1390                8.70                    
304166000       19690704    557                5.12                    
304166000       19700304    194                3.30                    
304166000       19710220    1301                                       
304166000       19720314    357                4.22                    
304166000       19730626    474                4.76                    
304166000       19740305    390                4.35                    
304166000       19750419    593                5.28                    
304166000       19760507    419                4.53                    
304166000       19770402    476                4.77                    
304166000       19780321    251                3.46                    
304166000       19790414    426                4.47                    
304166000       19800317    413                4.11                    
304166000       19810218    220                3.45                    
304166000       19811001   1050                7.26                    
304166000       19830502    575                5.20                    
304166000       19840316    381                4.34                    
304166000       19850223    475                4.77                    
304166000       19860927    531                5.01                    
304166000       19870621    1922               3.295                   
304166000       19871215    359                4.23                    
304166000       19890621    9002                                       
304166000       19900222    457                4.70                    
304166000       19910526    664                5.68                    
304166000       19920907    290                3.86                    
304166000       19930104    428                4.56                    
304166000       19940626    582                5.23                    
304166000       19950307    312                3.98                    
304166000       19960618   1070                7.36                    
304166000       19970519    626                5.45                    
304166000       19980806    769                 6.12                   
304166000       19990423    479                4.72                    
304166000       20000625    708                5.78                    
304166000       20010209    741                5.92                    
304166000       20011016    585                5.18                    
304166000       20030619    400                4.32                    
304166000       20040523    574                5.23                    
304166000       20050216    419                4.40                    
304166000       20060217    560                5.13                    
304166000       20061201    501                4.83                    
304166000       20080915    696                5.78                    
304166000       20090420    611                5.38                    
304166000       20100606    520                4.93                    
304166000       20110525    756                5.98                    
304166000       20111129    556                5.01                    
304166000       20130628    424                4.31                    
