Z04096400                       USGS 
H04096400       4206110850225002626025SW04050001201            916.21           
N04096400       ST. JOSEPH RIVER NEAR BURLINGTON, MI
Y04096400       
304096400       19630320    358                3.75                    
304096400       19640406    279                3.46                    
304096400       19650418    460                4.32                    
304096400       19651228    4502                   2                   
304096400       19670406    694                4.83                    
304096400       19680205   1000                5.51                    
304096400       19690202    905                5.30                    
304096400       19700408    507                4.38                    
304096400       19710228    725                4.95                    
304096400       19720422    454                4.17                    
304096400       19730101    553                4.48                    
304096400       19740310    910                5.31                    
304096400       19750301    507                4.26                    
304096400       19760306   1030                5.31                    
304096400       19770403    415                4.08                    
304096400       19780627    965                5.20                    
304096400       19790310    760                4.82                    
304096400       19800608    755                4.61                    
304096400       19810224    710                4.622                   
304096400       19820321   1340                5.78                    
304096400       19830508    700                4.80                    
304096400       19840317    527                4.35                    
304096400       19850227   1220                5.58                    
304096400       19860319    608                4.41                    
304096400       19861004    734                4.78                    
304096400       19880407    536                4.37                    
304096400       19890605   1390                5.82                    
304096400       19900313    9031                                       
304096400       19901231    740                5.23                    
