Z04164300                       USGS 
H04164300       4250450825306002626099SW0409000313.0           735              
N04164300       EAST BRANCH COON CREEK AT ARMADA, MI
Y04164300       
304164300       19590402    376                5.172                   
304164300       19600329    338                4.95                    
304164300       19610426   69.0                2.73                    
304164300       19620312    3502               5.931                   
304164300       19630510    135                3.53                    
304164300       19640509   62.0                2.52                    
304164300       19650210    506                5.58                    
304164300       19660323    206                3.81                    
304164300       19670417    751                6.14                    
304164300       19671221    632                5.70                    
304164300       19690509    344                4.382                   
304164300       19700404    255                3.88                    
304164300       19710315    1602               3.8212                   
304164300       19720416    366                4.50                    
304164300       19721231    594                5.55                    
304164300       19740305    740                6.10                    
304164300       19750419    910                6.69                    
304164300       19760303    412                4.73                    
304164300       19770329   80.0                2.61                    
304164300       19780323    400                4.871                   
304164300       19790414    382                4.57                    
304164300       19800404    479                5.06                    
304164300       19810223    356                4.44                    
304164300       19811001    5402                                       
304164300       19830502    462                4.97                    
304164300       19840321    430                4.81                    
304164300       19850906    543                5.47                    
304164300       19860311    398                4.79                    
304164300       19870405    268                4.09                    
304164300       19871220    326                4.45                    
304164300       19890609    452                5.155                   
304164300       19900311    163                3.38                    
304164300       19910526    255                4.01                    
304164300       19920424    233                3.87                    
304164300       19930621    333                4.49                    
304164300       19940220    2502                                       
304164300       19950307    2752               4.291                   
304164300       19960620    325                4.44                    
304164300       19970329    382                4.88                    
304164300       19980218    332                4.55                    
304164300       19990702    283                4.26                    
304164300       20000923    544                5.77                    
304164300       20010209    564                5.87                    
304164300       20011016    372                4.78                    
304164300       20030613    231                3.93                    
304164300       20040523    713                6.64                    
304164300       20050113    221                4.19                    
304164300       20060217    297                4.34                    
304164300       20061201    349                4.65                    
304164300       20080914    526                5.59                    
304164300       20090212    490                5.11                    
304164300       20100314    206                3.63                    
304164300       20110428    361                4.59                    
304164300       20111129    332                4.45                    
304164300       20130412    330                4.44                    
