Z04157000                       USGS 
H04157000       4324460835747002626145SW040802066060           565.05           
N04157000       SAGINAW RIVER AT SAGINAW, MI
Y04157000       
304157000       18730414  500007              23.35                    
304157000       18760417  556007              23.85                    
304157000       18840329  578007              24.05                    
304157000       18980319  426007              22.65                    
304157000       19010330  362007              21.85                    
304157000       19040329  68000               24.90                    
304157000       19050327  28900               20.65                    
304157000       19060125  22400               19.40                    
304157000       19070124  27400               20.40                    
304157000       19080316  39500               22.30                    
304157000       19090503  41200               22.50                    
304157000       19100309  21100               19.10                    
304157000       19120524  58400               24.10                    
304157000       19130317  33400               21.40                    
304157000       19150227  22600               19.00                    
304157000       19160331  60800               24.30                    
304157000       19170408  20400               18.10                    
304157000       19180322  51700               23.50                    
304157000       19190320  47300               23.10                    
304157000       19200318  26700               20.20                    
304157000       19210426  20800               18.30                    
304157000       19220226  21100               18.40                    
304157000       19230522  21100               18.40                    
304157000       19260326  263007              20.10                    
304157000       19280409  25900               20.00                    
304157000       19290410  40200               22.40                    
304157000       19300227  29200               20.70                    
304157000       19330504  221007              16.10                    
304157000       19350308  292007              17.80                    
304157000       19380216  296007              17.90                    
304157000       19420319  47000               21.00                    
304157000       19430319  33300               18.90                    
304157000       19450605  30100               18.50                    
304157000       19460309  45700               20.82                    
304157000       19470408  40200               19.90                    
304157000       19480322  53400               22.14                    
304157000       19500406  47000               20.60                    
304157000       19510301  24500               16.70                    
304157000       19520415  29600               18.65                    
304157000       19540223  227007              15.90                    
304157000       19560515  36500               19.05                    
304157000       19570713  27800               17.15                    
304157000       19590405  40400               19.08                    
304157000       19600403  45900               20.60                    
304157000       19620322  300007              17.60                    
304157000       19650414  319007              17.00                    
304157000       19670329  29100               16.802                   
304157000       19680204  26800               17.23                    
304157000       19690512  24100               17.29                    
304157000       19700409  15500               15.152                   
304157000       19710319  22000               17.16                    
304157000       19720323  16900               16.15                    
304157000       19730104  317001              18.71                    
304157000       19740307  343001              19.90                    
304157000       19750906  245001              18.30                    
304157000       19760308  410001              21.53                    
304157000       19770309  141001                                       
304157000       19780403  289001              17.67                    
304157000       19790309  222001              16.61                    
304157000       19800417  136001                                       
304157000       19810221  30800               18.72                    
304157000       19820316  39800               20.31                    
304157000       19830416  218001                                       
304157000       19840323  177001                                       
304157000       19850301  391001                                       
304157000       19860915  528001                                       
304157000       19861003  470001                                       
304157000       19880408  214001                                       
304157000       19890330  196001              16.03                    
304157000       19900315  339001              18.93                    
304157000       19910411  292001              18.61                    
304157000       19920419  28100               17.38                    
304157000       19930422  30500               18.60                    
304157000       19940223  243001              17.84                    
304157000       19950315  22700               16.25                    
304157000       19960523  304001              18.192                   
304157000       19970224  372001              21.05                    
304157000       19980322  242001              18.95                    
304157000       19990125  1670012                                      
304157000       20000521  2550012                                      
304157000       20010212  272001              17.59                    
304157000       20020310  3000012                                      
304157000       20030512   94501              14.02                    
304157000       20040308  38200               19.92                    
304157000       20050115  25900               16.94                    
304157000       20060315  36900               19.892                   
304157000       20070316  27100               17.19                    
304157000       20080414  238002              16.405                   
304157000       20090214  36200               19.662                   
304157000       20100515  22900               15.79                    
304157000       20110430  41000               20.12                    
304157000       20120304  19500               14.232                   
