Z04156000                       USGS 
H04156000       4335430841408002626111SW040802012400           580.08           
N04156000       TITTABAWASSEE RIVER AT MIDLAND, MI
Y04156000       
304156000       187605    300007B             28.90                    
304156000       19070120  272007              28.20                    
304156000       19100308   7390               19.40                    
304156000       19110219   4720               16.60                    
304156000       19120522  32800               29.60                    
304156000       19130315  12400               23.20                    
304156000       19140317   5530               17.50                    
304156000       19150225  11500               22.60                    
304156000       19160328  34800               30.10                    
304156000       19170324   5800               17.80                    
304156000       19180321  16100               24.80                    
304156000       19190318  29200               28.70                    
304156000       19200317  11800               22.80                    
304156000       19210424  14400               24.10                    
304156000       19220224  18800               25.70                    
304156000       19230518  14600               24.20                    
304156000       19240326   9100               20.90                    
304156000       19250421   4450               16.30                    
304156000       19260323  11500               22.60                    
304156000       19270315  15900               24.70                    
304156000       19280408  21800               26.70                    
304156000       19290408  26800               28.10                    
304156000       19300226  13600               23.80                    
304156000       19310523   2200                                        
304156000       19320212   8200               20.40                    
304156000       19330503  23600               27.20                    
304156000       19340405   6400                                        
304156000       19350318  15600               24.60                    
304156000       19360323   57002                                       
304156000       19370428  11600               22.63                    
304156000       19380207  21100               26.12                    
304156000       19390420   7390               19.49                    
304156000       19400331   6980               18.97                    
304156000       19410324   5880               17.88                    
304156000       19420318  26000               27.47                    
304156000       19430602  17500               25.19                    
304156000       19440228   5780               17.83                    
304156000       19450603  28000               28.41                    
304156000       19460308  31200               29.15                    
304156000       19470503  12200               23.10                    
304156000       19480321  34000               29.90                    
304156000       19490226   6250               18.26                    
304156000       19500328  27200               28.15                    
304156000       19510227  11200               22.35                    
304156000       19520414  15400               24.47                    
304156000       19530503  11200               21.96                    
304156000       19540428  12200               22.78                    
304156000       19550323  12700               23.11                    
304156000       19560507  16000               24.28                    
304156000       19570710  22000               26.34                    
304156000       19571120   5940               16.86                    
304156000       19590404  27300               27.82                    
304156000       19600401  24600               27.08                    
304156000       19610326   7360               18.15                    
304156000       19620504  17100               24.74                    
304156000       19630327   8460               19.15                    
304156000       19640502   4940               15.79                    
304156000       19650413  24200               26.98                    
304156000       19660212  10300               20.87                    
304156000       19670418  16600               24.55                    
304156000       19680529  15800               24.22                    
304156000       19690419  14800               23.82                    
304156000       19700604  11900               21.71                    
304156000       19710318  10500               21.01                    
304156000       19720828   9970               20.46                    
304156000       19730120  12300               22.42                    
304156000       19740518  21600               26.23                    
304156000       19750902  22200               27.08                    
304156000       19760322  26400               27.60                    
304156000       19770312   4880               15.51                    
304156000       19780402  11900               22.14                    
304156000       19790401   9730               20.30                    
304156000       19800410   6090               16.38                    
304156000       19810224  12200               21.99                    
304156000       19820325  10900               20.86                    
304156000       19830415  13900               23.10                    
304156000       19840221   9340               19.29                    
304156000       19850313  19000               24.93                    
304156000       19860913  38700               33.89                    
304156000       19861001  19500               26.29                    
304156000       19880201  12300               21.81                    
304156000       19890329  15600               23.56                    
304156000       19900313  18300               25.43                    
304156000       19910416  20400               25.62                    
304156000       19920418  18400               24.55                    
304156000       19921124  14200               22.172                   
304156000       19940222  13300               21.58                    
304156000       19950428   9320               18.90                    
304156000       19960619  19200               25.01                    
304156000       19970222  16900               23.72                    
304156000       19980402  14600               22.36                    
304156000       19990615   6270               16.48                    
304156000       20000519  14400               22.27                    
304156000       20010517  12200               20.87                    
304156000       20020311  15000               22.64                    
304156000       20030512   3900               14.22                    
304156000       20040307  23900               27.42                    
304156000       20050401  13000               21.39                    
304156000       20060314  23000               26.97                    
304156000       20070315  17600               24.11                    
304156000       20080413  16400               23.42                    
304156000       20090213  17400               24.01                    
304156000       20100313  10100               19.49                    
304156000       20110429  24600               27.75                    
304156000       20120314  11400               20.21                    
304156000       20130420  25900               28.37                    
