Z04108500                       USGS 
H04108500       4235370855903002626005SW040500031600           586.51           
N04108500       KALAMAZOO RIVER NEAR FENNVILLE, MI
Y04108500       
304108500       19310607   21405             601.253                   
304108500       19320401   26305             602.503                   
304108500       19330510   28005                                       
304108500       19340410   39705                                       
304108500       19350312   31805                                       
304108500       19360228   39705                                       
304108500       19380206   300015                                      
304108500       19390423   425015                                      
304108500       19400827   500015                                      
304108500       19410309   290015                                      
304108500       19420317   747015                                      
304108500       19430316   702015                                      
304108500       19440301   380015                                      
304108500       19450521   401015                                      
304108500       19460309   524015                                      
304108500       19470411  1750015                                      
304108500       19480320   798015                                      
304108500       19490219   423015                                      
304108500       19500401   622015                                      
304108500       19510107   470025                  6                   
304108500       19520119   50005              12.52                    
304108500       19530316   24505              11.05                    
304108500       19540326   33205              11.87                    
304108500       19541012   54205              12.87                    
304108500       19560307   52805              12.80                    
304108500       19570520   28305              11.48                    
304108500       19580301   34005              11.62                    
304108500       19590321   35905              11.90                    
304108500       19600331   52805              12.85                    
304108500       19610426   29005              11.37                    
304108500       19620321   38605              11.89                    
304108500       19630326   46205              12.27                    
304108500       19640406   21305              10.30                    
304108500       19650306   374025                                      
304108500       19660502   34605              11.82                    
304108500       19661209   43705              12.36                    
304108500       19680202   49805              12.70                    
304108500       19690201   46305              12.48                    
304108500       19700410   36205              11.81                    
304108500       19710228   41605              12.17                    
304108500       19720419   34905              11.68                    
304108500       19721231   48405              12.60                    
304108500       19740311   51705              12.63                    
304108500       19750420   78005              13.36                    
304108500       19760223   53705              12.34                    
304108500       19770312   45505              11.70                    
304108500       19780627   90305              14.30                    
304108500       19790306   61205              12.66                    
304108500       19800609   42905              11.83                    
304108500       19810512   48705              12.32                    
304108500       19820320   79705              13.43                    
304108500       19821204   44305              11.79                    
304108500       19840214   44605              11.81                    
304108500       19850301   78505              13.38                    
304108500       19860926   63905              12.96                    
304108500       19861001   73705              13.37                    
304108500       19871222   41205              11.55                    
304108500       19890601   77305              13.33                    
304108500       19900316   49605              12.09                    
304108500       19901129   58805              12.62                    
304108500       19911201   41805              11.59                    
304108500       19930106   58605              12.46                    
