Z04035000                       USGS 
H04035000       4641160890423002626131SW04020102272            873.55           
N04035000       EAST BRANCH ONTONAGON RIVER NEAR MASS, MI
Y04035000       
304035000       19430506   2610                9.36                    
304035000       19440605   3330               10.19                    
304035000       19450326   1780                8.072                   
304035000       19460625   3060               10.25                    
304035000       19470423   2230                9.04                    
304035000       19480428   1340                7.42                    
304035000       19490704   4160               11.52                    
304035000       19500506   3430                9.47                    
304035000       19510428   3530                9.62                    
304035000       19520418   4260               10.32                    
304035000       19530701   4590               10.57                    
304035000       19540426   4060               10.33                    
304035000       19541015   2880                9.04                    
304035000       19560404   1970                7.75                    
304035000       19570420   3380                9.58                    
304035000       19580626   1300                8.642                   
304035000       19590407   1890                7.68                    
304035000       19600424   4410               10.65                    
304035000       19610515   2380                8.26                    
304035000       19620422   1330                6.67                    
304035000       19630401   3250                9.36                    
304035000       19640413   3560                9.78                    
304035000       19650509   2580                8.52                    
304035000       19660318   2880                8.90                    
304035000       19670331   3120                9.20                    
304035000       19680319   2570                8.51                    
304035000       19690410   2840                8.85                    
304035000       19700408   1870                7.53                    
304035000       19710411   3030                9.15                    
304035000       19720816   3430                9.56                    
304035000       19730510   2480                8.40                    
304035000       19740421   2440                8.34                    
304035000       19750423   3320                9.43                    
304035000       19760414   2250                8.14                    
304035000       19770329   2000                7.71                    
304035000       19780824   1750                7.36                    
304035000       19790421   2920                8.95                    
