Z04101500                       USGS 
H04101500       4149450861535002626021SW040500013666           633.02           
N04101500       ST. JOSEPH RIVER AT NILES, MI
Y04101500       
304101500       19310330   3220                3.64                    
304101500       19320213   6830                6.28                    
304101500       19330418  10000                7.53                    
304101500       19340405   8430                6.68                    
304101500       19350531   7120                5.89                    
304101500       19360323   9600                7.49                    
304101500       19370629  11500                8.46                    
304101500       19380531   9440                7.34                    
304101500       19390313  13300                9.28                    
304101500       19400502   8680                7.37                    
304101500       19410425   5610                5.15                    
304101500       19420318  12700                9.03                    
304101500       19430526  17300               11.78                    
304101500       19440316  12100                9.12                    
304101500       19450518  10100                8.21                    
304101500       19460308   7080                6.56                    
304101500       19470421  13600                9.80                    
304101500       19480322  13600                9.78                    
304101500       19490216  10300                8.28                    
304101500       19500405  20200               13.10                    
304101500       19510104  10600                8.30                    
304101500       19520121  11800                9.00                    
304101500       19530326   5700                5.172                   
304101500       19540426  11600                8.94                    
304101500       19541012  12000                9.09                    
304101500       19560513  14500               10.45                    
304101500       19570427   6500                6.18                    
304101500       19571220   5780                5.712                   
304101500       19590403   9470                7.64                    
304101500       19600113   9980                7.94                    
304101500       19610426  10900                8.46                    
304101500       19620313  10600                8.33                    
304101500       19630320   7420                6.82                    
304101500       19640406   4610                4.38                    
304101500       19650407   7650                6.70                    
304101500       19651226  12000                9.10                    
304101500       19670403   9860                7.92                    
304101500       19680203  13800               10.10                    
304101500       19690131  110001                   6                   
304101500       19700421   9570                9.72                    
304101500       19710226   8380                8.99                    
304101500       19720420   8780                9.24                    
304101500       19730101  10800               10.42                    
304101500       19740310  12100               11.15                    
304101500       19750419   8590                9.12                    
304101500       19760306  14700               12.53                    
304101500       19770330   9640                9.66                    
304101500       19780324  13600               12.01                    
304101500       19790306  14300               12.36                    
304101500       19800410   8950                9.38                    
304101500       19810615  12900               11.78                    
304101500       19820321  19900               14.97                    
304101500       19830503  12400               11.36                    
304101500       19840213   8820                9.29                    
304101500       19850225  19900               14.96                    
304101500       19851121   9110                9.49                    
304101500       19861005  10700               10.38                    
304101500       19880407  11100               10.64                    
304101500       19890604  16300               13.33                    
304101500       19900224  11100               10.57                    
304101500       19901231  16800               13.58                    
304101500       19911031   6910                8.17                    
304101500       19930105  17100               13.77                    
304101500       19931017   8800                9.32                    
304101500       19950411   7580                8.45                    
304101500       19960610  15600               13.01                    
304101500       19970228  13300               11.81                    
304101500       19980109  12200               11.25                    
304101500       19990424  12500               11.40                    
304101500       20000626   7450                8.43                    
304101500       20010210  12500               11.53                    
304101500       20020513  13500               11.96                    
304101500       20030510   7970                8.98                    
304101500       20040613  12600               11.34                    
304101500       20050114  15300               12.76                    
304101500       20060314  10800               10.35                    
304101500       20070824  12300               11.19                    
304101500       20080109  18300               14.19                    
304101500       20090311  17500               13.82                    
304101500       20100522   8920                9.56                    
304101500       20110429  13500               11.82                    
304101500       20111216  11100               10.69                    
304101500       20130420  14700               12.41                    
