Z04132000                       USGS 
H04132000       4529590841936002626031SW04070005597            609.26           
N04132000       BLACK RIVER NEAR CHEBOYGAN, MI
Y04132000       
304132000       19430412   20701                                       
304132000       19431013    7841                                       
304132000       19450405    8681                                       
304132000       19460321   14101                                       
304132000       19470420   16601                                       
304132000       19480402   14701                                       
304132000       19490702    8861                                       
304132000       19500422   13001                                       
304132000       19510416   19201                                       
304132000       19520419   22601                                       
304132000       19530329   15801                                       
304132000       19540502   14101                                       
304132000       19550419   12101                                       
304132000       19560415   12401                                       
304132000       19570501   19001                                       
304132000       19571120   10801                                       
304132000       19590421   18401                                       
304132000       19600420   25001                                       
304132000       19610919   14001                                       
304132000       19620507   16001               4.04                    
304132000       19630514   13701                                       
304132000       19640927    9601                                       
304132000       19650420   16101                                       
304132000       19660326    9861                                       
304132000       19670410   19801                                       
304132000       19680824   13601                                       
304132000       19690421   12001                                       
304132000       19700426   12001                                       
304132000       19710421   25301                                       
304132000       19720424   27001                                       
304132000       19721005   17601                                       
304132000       19740419   20101                                       
304132000       19750430   24405               4.30                    
304132000       19760330   27005               4.50                    
304132000       19780518   14805               3.41                    
