Z04101800                       USGS 
H04101800       4154480861247002626027SW04050001255            692.62           
N04101800       DOWAGIAC RIVER AT SUMNERVILLE, MI
Y04101800       
304101800       19610926   1030                7.79                    
304101800       19620322    667                6.01                    
304101800       19630320    820                6.75                    
304101800       19640403    667                6.01                    
304101800       19650305    675                6.22                    
304101800       19651225    994                7.62                    
304101800       19661209   1100                8.13                    
304101800       19680626   1280                8.78                    
304101800       19690130    838                6.84                    
304101800       19700720    956                7.43                    
304101800       19710315    757                6.46                    
304101800       19720417    634                5.87                    
304101800       19721231    988                7.59                    
304101800       19740517   1000                7.65                    
304101800       19750506    777                6.51                    
304101800       19760426    893                7.09                    
304101800       19770225    663                5.94                    
304101800       19780406    783                6.54                    
304101800       19790305   1070                7.97                    
304101800       19800608    811                6.68                    
304101800       19810429   1020                7.74                    
304101800       19820317   1150                8.33                    
304101800       19830502    895                7.10                    
304101800       19840213    855                6.90                    
304101800       19850224   1590                9.26                    
304101800       19860930   1030                7.302                   
304101800       19861004   1460                8.84                    
304101800       19880407    889                6.74                    
304101800       19881110    968                7.05                    
304101800       19900311   1030                7.29                    
304101800       19901128   1440                8.71                    
304101800       19920723    984                7.11                    
304101800       19930420   1290                8.21                    
304101800       19931018   1120                7.85                    
304101800       19941106    829                6.50                    
304101800       19960610    937                6.93                    
304101800       19970222   1290                8.45                    
304101800       19980109    859                6.86                    
304101800       19990124   1090                7.79                    
304101800       20000706    629                5.88                    
304101800       20010210   1030                7.71                    
304101800       20020309    985                7.52                    
304101800       20030512    833                6.85                    
304101800       20040613   1010                7.62                    
304101800       20050114   1230                8.54                    
304101800       20060829    791                6.66                    
304101800       20070105    987                7.772                   
304101800       20080915   2300               11.60                    
304101800       20090311   1350                9.74                    
304101800       20100513    964                8.54                    
304101800       20110428   1070                8.93                    
304101800       20111021    739                7.81                    
304101800       20130419   1120                9.11                    
