Z04065500                       USGS 
H04065500       4554350874524002626043SW04030108237            966.6            
N04065500       STURGEON RIVER NEAR FOSTER CITY, MI
Y04065500       
304065500       19550415   1400                8.71                    
304065500       19560410    690                6.052                   
304065500       19570422   1020                7.06                    
304065500       19580706    927                6.91                    
304065500       19590924    877                6.72                    
304065500       19600508   2570               10.35                    
304065500       19610419    914                6.69                    
304065500       19620426    958                6.87                    
304065500       19630511   1040                7.18                    
304065500       19640527   1000                6.81                    
304065500       19650510   1810                9.22                    
304065500       19660606   1110                7.17                    
304065500       19670403   1550                8.74                    
304065500       19680702   1470                8.52                    
304065500       19690416   1160                7.52                    
304065500       19700602   1320                8.06                    
304065500       19710413   1790                9.25                    
304065500       19720502   1990                9.56                    
304065500       19730511   1280                8.042                   
304065500       19740416   1120                7.40                    
304065500       19750425   1790                9.32                    
304065500       19760331   1400                8.32                    
304065500       19770416    728                5.95                    
304065500       19780828    832                6.61                    
304065500       19790427   1920                9.46                    
304065500       19800411   1020                7.06                    
