Z04161100                       USGS 
H04161100       4240020831202002626125SW0409000317.9           820.78           
N04161100       GALLOWAY CREEK NEAR AUBURN HEIGHTS, MI
Y04161100       
304161100       19600329    184                5.14                    
304161100       19610426   94.0                4.52                    
304161100       19620313    260                5.54                    
304161100       19630610   89.0                4.47                    
304161100       19640429   49.0                4.02                    
304161100       19650305    149                5.29                    
304161100       19660323   94.0                4.65                    
304161100       19670609   82.0                4.74                    
304161100       19680625    368                6.27                    
304161100       19690130    130                5.371                   
304161100       19700404   75.0                4.60                    
304161100       19710315   68.0                4.392                   
304161100       19720823    131                5.06                    
304161100       19730626    131                5.17                    
304161100       19740305    1502                                       
304161100       19750419    165                5.12                    
304161100       19760305    108                4.85                    
304161100       19770329   84.0                4.54                    
304161100       19780321    100                4.75                    
304161100       19790414    158                5.08                    
304161100       19800318    105                4.80                    
304161100       19810218    108                4.65                    
304161100       19811001    242                5.71                    
304161100       19830502    182                5.16                    
304161100       19840321    237                4.93                    
304161100       19850824    536                5.62                    
304161100       19860612    340                5.22                    
304161100       19870514    1272               4.005                   
304161100       19871215    145                4.53                    
304161100       19890621    390                5.33                    
304161100       19900222    192                4.755                   
304161100       19910526    1471                                       
