Z04146000                       USGS 
H04146000       4302410832014002626087SW0408020455.3           805.79           
N04146000       FARMERS CREEK NEAR LAPEER, MI
Y04146000       
304146000       19330403    186               16.91                    
304146000       19340405    226               17.19                    
304146000       19350312    250               17.26                    
304146000       19360313    1302                   2                   
304146000       19370423    175               16.88                    
304146000       19380215    530               18.27                    
304146000       19390222    166               16.64                    
304146000       19400331    475               17.88                    
304146000       19410101    134               16.382                   
304146000       19420318    630               18.50                    
304146000       19430603   1220               19.74                    
304146000       19440228    329               17.31                    
304146000       19450519    352               17.38                    
304146000       19460304    515               18.07                    
304146000       19470406   1280               19.87                    
304146000       19480320    530               18.10                    
304146000       19490216    364               17.46                    
304146000       19500405    412               17.66                    
304146000       19510104    388               17.54                    
304146000       19520312    388               17.55                    
304146000       19530306    282               17.20                    
304146000       19540218    635               18.46                    
304146000       19550305    194               16.951                   
304146000       19560514    515               18.07                    
304146000       19570521    198               16.72                    
304146000       19571222    106               16.202                   
304146000       19590403    350               17.362                   
304146000       19600331    612               18.43                    
304146000       19610427    115               16.212                   
304146000       19620313    608               18.42                    
304146000       19630319    180               16.751                   
304146000       19640511   64.0               15.89                    
304146000       19650408    417               17.72                    
304146000       19660325   82.0               16.012                   
304146000       19670419    369               17.49                    
304146000       19680204    497               18.06                    
304146000       19690202    122               16.30                    
304146000       19700412    151               16.43                    
304146000       19710317    360               17.452                   
304146000       19720419    229               16.82                    
304146000       19730102    632               18.45                    
304146000       19740518    422               17.88                    
304146000       19750421    720               18.70                    
304146000       19760218    337               17.47                    
304146000       19770226   90.0               16.12                    
304146000       19780325    273               17.212                   
304146000       19790307    196               16.86                    
304146000       19800406    169               16.70                    
304146000       19810219    276               17.22                    
304146000       19820315    476               17.99                    
304146000       19830417    144               16.53                    
304146000       19840324    162               16.82                    
304146000       19850909   1380               20.951                   
304146000       19860314    259               17.45                    
304146000       19861002    426               18.35                    
304146000       19880312    128               16.532                   
304146000       19881110    102               16.31                    
304146000       19900314    177               17.00                    
304146000       19901012    13012                                      
304146000       19920427    231               17.22                    
304146000       19930331    231               17.22                    
304146000       19940221    3602                                       
304146000       19950315    191               16.97                    
304146000       19960621    230               17.21                    
304146000       19970224    322               17.75                    
304146000       19980110    246               17.31                    
304146000       19990426    159               16.77                    
304146000       20000521    317               17.72                    
304146000       20010211    586               19.18                    
304146000       20020312    149               16.70                    
304146000       20030319    13012             16.901                   
304146000       20040525    457               18.58                    
304146000       20050116    20012             17.641                   
304146000       20060315    319               17.73                    
304146000       20070316    168               16.83                    
304146000       20080917    389               18.14                    
304146000       20090620    411               18.26                    
304146000       20100316    149               16.70                    
304146000       20110430    413               18.27                    
304146000       20120507    129               16.56                    
304146000       20130413    316               17.71                    
