Z04175600                       USGS 
H04175600       4210050840434002626161SW04100002132            900              
N04175600       RIVER RAISIN NEAR MANCHESTER, MI
Y04175600       
304175600       19700305    280                5.03                    
304175600       19710220    3502               6.101                   
304175600       19720918    2902                                       
304175600       19730316    324                5.212                   
304175600       19740310    402                5.69                    
304175600       19750831    404                5.75                    
304175600       19760305    565                6.46                    
304175600       19770329    349                5.39                    
304175600       19780401    411                5.55                    
304175600       19790304    420                5.79                    
304175600       19800408    349                5.27                    
304175600       19810220    381                5.57                    
304175600       19850224    869                7.21                    
304175600       19860319    413                5.42                    
304175600       19861004    331                4.98                    
304175600       19880407    320                4.91                    
304175600       19890531    646                6.77                    
304175600       19900313    480                5.732                   
304175600       19910101    478                5.72                    
304175600       19920425    254                4.50                    
304175600       19930105    456                5.95                    
304175600       19940322    332                4.99                    
304175600       19950628    252                4.40                    
304175600       19960619    294                4.75                    
304175600       19970222    415                5.64                    
304175600       19980310    388                5.32                    
304175600       19990124    387                5.36                    
304175600       20000422    403                5.37                    
304175600       20010210    434                5.57                    
304175600       20011017    382                5.32                    
304175600       20030405    313                4.92                    
304175600       20040522    312                5.05                    
304175600       20050114    409                5.62                    
304175600       20060217    305                4.99                    
304175600       20070315    320                5.22                    
304175600       20080206    487                6.00                    
304175600       20090311    502                6.09                    
304175600       20100522    533                6.27                    
304175600       20110428    459                5.86                    
304175600       20111130    534                6.28                    
304175600       20130419    469                5.91                    
