Z04121300                       USGS 
H04121300       4412020850310002626113SW04060102243            1130             
N04121300       CLAM RIVER AT VOGEL CENTER, MI
Y04121300       
304121300       19661210    713                5.41                    
304121300       19680320    310                3.902                   
304121300       19690730    641                5.951                   
304121300       19700410    485                4.65                    
304121300       19710413   1150                6.33                    
304121300       19720416    701                5.38                    
304121300       19730308    415                4.40                    
304121300       19740415    680                5.30                    
304121300       19750902    405                4.58                    
304121300       19760331    9602                                       
304121300       19770315    410                4.34                    
304121300       19780408    499                4.63                    
304121300       19790401    641                5.06                    
304121300       19800410    397                4.18                    
304121300       19810430    360                4.30                    
304121300       19820418    542                5.13                    
304121300       19830415    364                4.17                    
304121300       19840221    307                3.93                    
304121300       19850330    737                5.49                    
304121300       19860327    730                5.47                    
304121300       19861001    389                4.38                    
304121300       19880202    607                5.01                    
304121300       19890329   1710                7.31                    
304121300       19900315    934                5.84                    
304121300       19910410    527                4.77                    
304121300       19920418    664                5.17                    
304121300       19930329    617                5.19                    
304121300       19940222    433                4.40                    
304121300       19950316    450                4.49                    
304121300       19960620    570                4.90                    
304121300       19970330    624                5.06                    
304121300       19980402    70012                                      
304121300       19990213    258                3.76                    
304121300       20000514    459                4.55                    
304121300       20010517    499                4.91                    
304121300       20020311    462                4.56                    
304121300       20030416    184                3.38                    
304121300       20040525    604                5.16                    
304121300       20050401    836                5.74                    
304121300       20060314    772                5.59                    
304121300       20070324    663                5.52                    
304121300       20080615    904                6.30                    
304121300       20090213    460                4.66                    
304121300       20100313    509                4.48                    
304121300       20110429    845                6.05                    
304121300       20120505    702                5.42                    
304121300       20130411    565                5.15                    
