Z04062500                       USGS 
H04062500       4606500881257002626071SW04030107656            1300             
N04062500       MICHIGAMME RIVER NEAR CRYSTAL FALLS, MI
Y04062500       
304062500       19450411   29306               7.34                    
304062500       19460625   14406               5.47                    
304062500       19470519   23906               6.66                    
304062500       19480501   16206               5.682                   
304062500       19490707   30206               7.26                    
304062500       19500513   55906               9.40                    
304062500       19510505   55906               9.45                    
304062500       19511003   22306               6.49                    
304062500       19530704   54406               9.32                    
304062500       19540503   63406              10.11                    
304062500       19550504   43806               8.57                    
304062500       19560713   18506               6.00                    
304062500       19570610   11806               4.872                   
304062500       19580702   53006               9.14                    
304062500       19590924   20306               6.17                    
304062500       19600428   72606              10.73                    
304062500       19610516   37606               8.00                    
304062500       19620524   15406               5.52                    
304062500       19630621   13806               5.262                   
304062500       19640512   11706               4.92                    
304062500       19650510   45106               8.64                    
304062500       19660608   25106               6.72                    
304062500       19670420   43006               8.47                    
304062500       19680911   31006               7.39                    
304062500       19690506   25206               6.73                    
304062500       19700602   34606               7.73                    
304062500       19710505   24006               6.58                    
304062500       19720515   29606               7.25                    
304062500       19730510   42006               8.38                    
304062500       19740123   15406               5.41                    
304062500       19750508   38506               8.08                    
304062500       19760422   53606               9.33                    
304062500       19770424   24506               6.64                    
304062500       19780919   26606               6.90                    
304062500       19790509   31406               7.43                    
304062500       19791028   21206               6.22                    
304062500       19810615   37906               8.03                    
304062500       19820507   45806               8.70                    
304062500       19830602   33806               7.65                    
304062500       19840229   20806               6.17                    
304062500       19850426   62106               9.98                    
304062500       19860429   22806               6.43                    
304062500       19870317   15306               5.40                    
304062500       19880405   14406               5.27                    
304062500       19890610   39206               8.13                    
304062500       19900620   13406               5.12                    
304062500       19901027   20706               6.15                    
304062500       19920704   31106               7.33                    
304062500       19921122   17206               5.68                    
304062500       19940713   19706               6.00                    
304062500       19950516   23506               6.50                    
304062500       19960522   47606               8.87                    
304062500       19970519   25406               6.71                    
304062500       19980221   15306               5.41                    
304062500       19990508   28306               7.03                    
304062500       20000508   13306               5.16                    
304062500       20010427   15406               5.48                    
304062500       20020421   48006               8.91                    
304062500       20030515   31006               7.37                    
304062500       20040422   35006               7.76                    
304062500       20050422   14806               5.29                    
304062500       20060514   17106               5.72                    
304062500       20070429   15506               5.39                    
304062500       20080506   21206               6.19                    
304062500       20090118   11906               4.92                    
304062500       20100922   13406               5.12                    
304062500       20110510   22206               6.36                    
304062500       20120209   11706               4.84                    
304062500       20130509   28006               7.04                    
