Z04111379                       USGS 
H04111379       4240590841309002626065SW04050004163            870              
N04111379       RED CEDAR RIVER NEAR WILLIAMSTON, MI
Y04111379       
304111379       19750419   2670               10.41                    
304111379       19760305    990                7.60                    
304111379       19770427    482                5.92                    
304111379       19780324    834                6.91                    
304111379       19790307    914                7.412                   
304111379       19800321    458                6.18                    
304111379       19810219    942                7.48                    
304111379       19820315   1390                8.42                    
304111379       19830503    501                6.12                    
304111379       19840529    360                5.58                    
304111379       19850226   1790                9.07                    
304111379       19860314    983                7.74                    
304111379       19861005    589                6.60                    
304111379       19880409    415                5.81                    
304111379       19890604    649                6.61                    
304111379       20011018    520                6.49                    
304111379       20030405    597                6.49                    
304111379       20040524    831                7.36                    
304111379       20050114    921                7.402                   
304111379       20060314    850                7.22                    
304111379       20070606    805                7.15                    
304111379       20080109    913                7.562                   
304111379       20090311   1000                7.60                    
304111379       20100313    750                6.96                    
304111379       20110429    797                7.08                    
304111379       20130420    987                7.79                    
