Z04142000                       USGS 
H04142000       4404210840112002626011SW04080101320            649.48           
N04142000       RIFLE RIVER NEAR STERLING, MI
Y04142000       
304142000       19370427   2100                7.60                    
304142000       19380321   2140                7.702                   
304142000       19390325   2000               12.071                   
304142000       19400331   2200               10.651                   
304142000       19410403   1680                6.58                    
304142000       19420318   2660                8.76                    
304142000       19430602   3610               10.702                   
304142000       19440425   1080                5.092                   
304142000       19450603   3560               10.59                    
304142000       19460315   2460                8.302                   
304142000       19470406   2860                9.21                    
304142000       19480321   4680               12.622                   
304142000       19490328   1110                5.192                   
304142000       19500328   5340               13.74                    
304142000       19510426   2410                8.28                    
304142000       19520414   2960                9.39                    
304142000       19530319   1810                6.952                   
304142000       19540326   1690                6.67                    
304142000       19550322   2260                8.032                   
304142000       19560404   3260               10.01                    
304142000       19570426   1470                6.002                   
304142000       19580407   1330                5.772                   
304142000       19590521   3760               10.99                    
304142000       19600331   2200                7.89                    
304142000       19610325   1780                6.932                   
304142000       19620330   3340               10.67                    
304142000       19630327   2250                8.422                   
304142000       19640430    498                3.292                   
304142000       19650412   2890                9.652                   
304142000       19651213   1850                7.212                   
304142000       19670327   2270                8.24                    
304142000       19680528   1890                7.272                   
304142000       19690510   2250                8.21                    
304142000       19700603   2270                8.26                    
304142000       19710414   2660                9.14                    
304142000       19720413   2370                8.49                    
304142000       19730529   1980                7.532                   
304142000       19740306   2590               11.431                   
304142000       19750901   2960                9.79                    
304142000       19760325   2280                8.242                   
304142000       19770313   1040                5.042                   
304142000       19780408   2170                7.68                    
304142000       19790331   2100                7.50                    
304142000       19800410   1100                5.00                    
304142000       19810410   1650                6.372                   
304142000       19820401   2310                8.03                    
304142000       19830415   2440                8.30                    
304142000       19840322   1690                6.47                    
304142000       19850406   2580                8.62                    
304142000       19860930   3160                9.80                    
304142000       19861005   1720                6.56                    
304142000       19880331   2340                8.042                   
304142000       19890328   4010               11.39                    
304142000       19900314   3030                9.492                   
304142000       19910303   3980               11.33                    
304142000       19920417   2420                8.21                    
304142000       19930329   1880                6.962                   
304142000       19940324   1360                5.792                   
304142000       19950817   1730                6.60                    
304142000       19960619   3170                9.78                    
304142000       19970330   1950                6.90        1997          
304142000       19980401   2450                7.93                    
304142000       19990615   1520                5.71                    
304142000       20000518   1840                6.522                   
304142000       20010603   1100                4.67                    
304142000       20020310   1710                6.21                    
304142000       20030524   1450                5.53                    
304142000       20040525   2740                8.612                   
304142000       20050331   1560                5.692                   
304142000       20060314   2710                8.54                    
304142000       20070323   2860                9.542                   
304142000       20080402   2160                7.51                    
304142000       20090404   1950                6.692                   
304142000       20100724   1950                6.74                    
304142000       20110428   3310                9.83                    
304142000       20120313   2920                9.01                    
304142000       20130419   3540               10.30                    
