Z04143500                       USGS 
H04143500       4340050835813002626017SW04080102101            584.00           
N04143500       NORTH BRANCH KAWKAWLIN RIVER NEAR KAWKAWLIN, MI
Y04143500       
304143500       19510427    520                5.56                    
304143500       19520415    990                6.62                    
304143500       19530504    506                5.50                    
304143500       19540622   1090                7.671                   
304143500       19550313   1100                7.06                    
304143500       19560508    855                6.51                    
304143500       19570408    415                5.142                   
304143500       19580306    714                6.14                    
304143500       19590403   1220                7.60                    
304143500       19600401   1540                8.32                    
304143500       19610327    390                7.056                   
304143500       19620504   1120                9.97                    
304143500       19630329    396                7.282                   
304143500       19640504    128                5.60                    
304143500       19650413   1540               10.33                    
304143500       19660325    472                7.452                   
304143500       19670328   1020                9.09                    
304143500       19680530    906                9.38                    
304143500       19690511    719                8.44                    
304143500       19700409    518                7.81                    
304143500       19710404    846                8.76                    
304143500       19720414    5402                                       
304143500       19730122    840                8.982                   
304143500       19740518   1610               10.92                    
304143500       19750903    516                8.42                    
304143500       19760322   1420               10.44                    
304143500       19770313   87.0                4.582                   
304143500       19780331    805                8.75                    
304143500       19790402    548                8.192                   
304143500       19800412    306                6.54                    
304143500       19810225   1010                9.44                    
304143500       19820326    957                9.272                   
