Z04109000                       USGS 
H04109000       4217010842432002626075SW04050004174            900.00           
N04109000       GRAND RIVER AT JACKSON, MI
Y04109000       
304109000       19360304    497               10.78                    
304109000       19370625   1070               13.50                    
304109000       19380607    513               11.11                    
304109000       19390417    646               11.53                    
304109000       19400331    6002                                       
304109000       19410531    442               11.01                    
304109000       19420827    830               12.90                    
304109000       19430603    995               13.20                    
304109000       19440623    736               12.30                    
304109000       19450517    645               11.73                    
304109000       19460306    396               10.53                    
304109000       19470405    796               12.182                   
304109000       19480324    652               11.67                    
304109000       19490215    537               11.20                    
304109000       19500401    894               12.532                   
304109000       19510722    914               12.93                    
304109000       19520413    626               11.76                    
304109000       19530605    430               10.77                    
304109000       19540216    537               11.22                    
304109000       19541014    600               11.61                    
304109000       19560429    805               12.36                    
304109000       19570708    603               11.68                    
304109000       19580821    736               12.50                    
304109000       19590306    681               11.86                    
304109000       19600331    621               11.60                    
304109000       19610425    529               11.20                    
304109000       19620806    621               11.92                    
304109000       19630714    437               10.82                    
304109000       19640508    652               11.65                    
304109000       19650304    465               11.38                    
304109000       19660512    398               10.93                    
304109000       19670730    572               11.80                    
304109000       19680625   1050               15.44                    
304109000       19690404    513               11.71                    
304109000       19700421    572               12.26                    
304109000       19710225    516               11.73                    
304109000       19720416    436               10.93                    
304109000       19730809    809               13.85                    
304109000       19740304    777               13.62                    
304109000       19750830    788               13.29                    
304109000       19760305    761               13.51                    
304109000       19770402    456               11.17                    
304109000       19780404    504               11.86                    
304109000       19790310    404               10.99                    
304109000       19800403    546               11.97                    
304109000       19810423    498               11.63                    
304109000       19820330    641               13.54                    
304109000       19830507    588               12.55                    
304109000       19840526    601               12.91                    
304109000       19850405    538               12.90                    
304109000       19860925    691               14.205                   
304109000       19861003    4762              12.365                   
304109000       19880922    4522              12.155                   
304109000       19890603    728               13.12                    
304109000       19900316    566               12.18                    
304109000       19910830    636               12.59                    
304109000       19920618    767               13.34                    
304109000       19930718    553               12.51                    
304109000       19940705    432               11.71                    
304109000       19950817    921               15.20                    
304109000       19960227    428               11.36                    
304109000       19970227    570               12.432                   
304109000       19980309    560               13.32                    
304109000       19990709    479               12.66                    
304109000       20000625    704               14.47                    
304109000       20010516    530               12.45                    
304109000       20020728    712               14.16                    
304109000       20030501    618               13.10                    
304109000       20040521    558               13.40                    
304109000       20050113    562               13.03                    
304109000       20060626    682               13.80                    
304109000       20070105    685               14.10                    
304109000       20080914    709               14.44                    
304109000       20090311    645               13.98                    
304109000       20100606    768               14.66                    
304109000       20110428    636               13.92                    
304109000       20111204    577               13.49                    
304109000       20130419    682               14.25                    
