Z04152238                       USGS 
H04152238       4352010843243002626051SW04080201160            709.92           
N04152238       SOUTH BRANCH TOBACCO RIVER NEAR BEAVERTON, MI
Y04152238       
304152238       19870308    366                6.1912                   
304152238       19880331    901                9.4112                   
304152238       19890329   1080               10.2812                   
304152238       19900313   1350               10.5012                   
304152238       19910416   1450               10.74                    
304152238       19920417   1080                9.80                    
304152238       19921104   1010                9.58                    
304152238       19940222    6402              10.321                   
304152238       19950428    642                8.36                    
304152238       19960623    934                9.472                   
304152238       19970329    566                7.89        1997          
304152238       19980401   1130               10.00                    
304152238       19990213    550                7.80                    
304152238       20000226   1380               10.61                    
304152238       20010517    762                8.91                    
304152238       20020310   1190               10.16                    
304152238       20030421    2271                                       
304152238       20040525   1400               10.662                   
304152238       20050401    924                9.302                   
304152238       20060313   1810               11.49                    
304152238       20070315   12602              10.342                   
304152238       20080412    919                9.29                    
304152238       20090502    964                9.252                   
304152238       20100313    894                9.06                    
304152238       20110428   1520               10.66                    
304152238       20120505    756                8.35                    
304152238       20130529   2400               12.21                    
