Z04167000                       USGS 
H04167000       4220530831842002626163SW0409000499.9           600.46           
N04167000       MIDDLE RIVER ROUGE NEAR GARDEN CITY, MI
Y04167000       
304167000       19310329   76.0                2.8323                   
304167000       19320527    780                8.853                   
304167000       19330501   1420               11.553                   
304167000       19480510   2150               10.50                    
304167000       19490215   1200                9.381                   
304167000       19500404   1960                9.66                    
304167000       19501208   1060                8.75                    
304167000       19520311   1060                8.76                    
304167000       19530304    470                6.60                    
304167000       19540325   1720                9.44                    
304167000       19550106    615                8.01                    
304167000       19560429   1840                9.46                    
304167000       19570708   1210                9.012                   
304167000       19571220    814                8.26                    
304167000       19590307   1090                8.80                    
304167000       19600617   1040                8.66                    
304167000       19610425   1020                8.96                    
304167000       19620312   1500                9.20                    
304167000       19630610    798                7.81                    
304167000       19640422    484                6.25                    
304167000       19650210   1540                9.08                    
304167000       19651225    900                8.36                    
304167000       19670719    591                7.15                    
304167000       19680626   2330                9.96                    
304167000       19690130   1030                8.80                    
304167000       19700305    669                7.31                    
304167000       19710220    871                8.27                    
304167000       19720416    742                7.77                    
304167000       19721231    619                7.17                    
304167000       19740404    945                8.50                    
304167000       19750901   1120                8.84                    
304167000       19760507   1670                9.36                    
304167000       19770425   1060                8.90                    
304167000       19780531    790                8.20                    
304167000       19790414   1970                9.71                    
304167000       19810904   1320                9.21                    
304167000       19811001   1970                9.71                    
304167000       19830502   1930                9.86                    
304167000       19840321   1110                9.06                    
304167000       19850224   1620                9.55                    
304167000       19860311   11502                                       
304167000       19870621   10002                                       
304167000       19871216    802                8.24                    
304167000       19890622   1480                9.40                    
304167000       19900223   1670                9.612                   
304167000       19910526   1010                8.782                   
304167000       19920425    658                7.70                    
304167000       19930105   1460                9.38                    
304167000       19940813   1220                9.09                    
304167000       19950629    885                8.87                    
304167000       19960510    965                8.70                    
304167000       19970222   1140                8.98                    
304167000       19980218   1490                9.41                    
304167000       19990423   1060                8.86                    
304167000       20000625   1570                9.65                    
304167000       20010210   1530                9.61                    
304167000       20011017   1240                9.26                    
304167000       20030405    600                7.55                    
304167000       20040522   1310                9.50                    
304167000       20050114    871                8.76                    
304167000       20051116    742                8.34                    
304167000       20070821   1440                9.66                    
304167000       20080915   1220                9.39                    
304167000       20090620   1430                9.44                    
304167000       20100606   1420                9.89                    
304167000       20110526   2820               10.58                    
304167000       20111130   1500                9.51                    
304167000       20130419    828                8.61                    
