Z04117500                       USGS 
H04117500       4236570851411002626015SW04050007385            786.71           
N04117500       THORNAPPLE RIVER NEAR HASTINGS, MI
Y04117500       
304117500       19450518   2360                6.85                    
304117500       19460307   3290                7.92                    
304117500       19470407   6810               10.20                    
304117500       19480321   4890                9.02                    
304117500       19490215   2300                6.68                    
304117500       19500329   3140                7.65                    
304117500       19510106   1760                6.06                    
304117500       19520415   2090                6.45                    
304117500       19530412    723                4.48                    
304117500       19540328   1810                6.10                    
304117500       19550107   1520                5.682                   
304117500       19560307   3680                8.10                    
304117500       19570522   2350                6.75                    
304117500       19580302   1360                5.47                    
304117500       19590321   1770                6.05                    
304117500       19600401   3880                8.75                    
304117500       19610428   1090                5.17                    
304117500       19620322   1960                6.43                    
304117500       19630321   1240                5.30                    
304117500       19640517    482                4.05                    
304117500       19650409   2410                7.00                    
304117500       19660326   1010                5.04                    
304117500       19670329   1760                6.16                    
304117500       19680204   2600                7.17                    
304117500       19690201   1740                6.05                    
304117500       19700411   2190                6.73                    
304117500       19710223   2130                6.65                    
304117500       19720419   2420                6.90                    
304117500       19730103   2770                7.29                    
304117500       19740125   2940                7.44                    
304117500       19750421   5040                9.72                    
304117500       19760307   2540                7.27                    
304117500       19770310    785                4.65                    
304117500       19780326   1920                6.45                    
304117500       19790308   3290                8.11                    
304117500       19800320   1110                5.21                    
304117500       19810221   2610                7.29                    
304117500       19820316   4180                9.00                    
304117500       19830504   2010                6.59                    
304117500       19840215   1290                5.52                    
304117500       19850227   5140                9.80                    
304117500       19860314   3160                7.98                    
304117500       19861005   2830                7.61                    
304117500       19880409   1700                6.15                    
304117500       19890603   3560                8.26                    
304117500       19900314   2580                7.32                    
304117500       19901130   3170                7.82                    
304117500       19920428   1300                5.36                    
304117500       19930422   3320                8.17                    
304117500       19940223   2290                6.94                    
304117500       19941108   1550                5.89                    
304117500       19960621   2510                7.42                    
304117500       19970223   3140                8.14                    
304117500       19980321   1610                6.04                    
304117500       19990426   2380                7.16                    
304117500       20000521   2270                7.01                    
304117500       20010212   3060                8.04                    
304117500       20020312   1650                6.10                    
304117500       20030407   1300                5.53                    
304117500       20040525   5530                9.74                    
304117500       20050115   3140                7.95                    
304117500       20060315   1760                6.20                    
304117500       20070314   1760                6.20                    
304117500       20080610   3470                8.32                    
304117500       20081230   3240                8.07                    
304117500       20100314   2420                7.09                    
304117500       20110731   3160                7.98                    
304117500       20120304   1410                5.67                    
304117500       20130420   3970                8.77                    
