Z04160800                       USGS 
H04160800       4243120832113002626125SW0409000320.9           970              
N04160800       SASHABAW CREEK NEAR DRAYTON PLAINS, MI
Y04160800       
304160800       19600330   86.0                3.90                    
304160800       19610425   46.0                3.32                    
304160800       19620312   98.0                4.30                    
304160800       19630327   50.0                3.37                    
304160800       19640509   51.0                3.41                    
304160800       19650210   90.0                3.88                    
304160800       19660324   47.0                3.39                    
304160800       19670417   74.0                3.82                    
304160800       19680626    138                4.222                   
304160800       19690130   76.0                3.592                   
304160800       19700421   43.0                3.29                    
304160800       19710227   63.0                3.71                    
304160800       19720322   51.0                3.49                    
304160800       19721231   99.0                4.13                    
304160800       19740223    161                4.38                    
304160800       19750112    160                4.37                    
304160800       19760223    126                4.14                    
304160800       19770329   44.0                3.19                    
304160800       19780324   72.0                3.57                    
304160800       19790414   95.0                3.86                    
304160800       19800404   80.0                3.68                    
304160800       19810219   74.02                                       
304160800       19811001    181                4.53                    
304160800       19830502   61.0                3.38                    
304160800       19840214    105                3.952                   
304160800       19850406   87.0                3.762                   
304160800       19860612   81.0                3.69                    
304160800       19870405   48.0                3.10                    
304160800       19871220   57.0                3.29                    
304160800       19890909   74.0                3.81                    
304160800       19900517   76.0                3.622                   
304160800       19901010   68.0                3.50                    
304160800       19920425   57.0                3.32                    
304160800       19930401   73.0                3.58                    
304160800       19940220   59.02               3.351                   
304160800       19950314   47.0                3.14                    
304160800       19960619    118                4.09                    
304160800       19970329     88                3.81                    
304160800       19980218    102                3.94                    
304160800       19990423     66                3.55                    
304160800       20000923    104                3.95                    
304160800       20010210    133                4.21                    
304160800       20011017     76                3.64                    
304160800       20030404     50                3.30                    
304160800       20040523    188                4.46                    
304160800       20050113     83                3.542                   
304160800       20060313     85                3.522                   
304160800       20061201     72                3.42                    
304160800       20080915    127                3.98                    
304160800       20090620    122                3.93                    
304160800       20100314   63.6                3.26                    
304160800       20110526   99.8                3.68                    
304160800       20120504   47.8                2.97                    
304160800       20130628    111                3.81                    
