Z04150800                       USGS 
H04150800       4327020832629002626157SW04080205645            632.58           
N04150800       CASS RIVER AT WAHJAMEGA, MI
Y04150800       
304150800       19690510   5480               14.96                    
304150800       19700711   5090               14.32                    
304150800       19710316   7610               16.91                    
304150800       19720323   7150               16.45                    
304150800       19730402   6280               15.58                    
304150800       19740306   7990               17.29                    
304150800       19750420   7590               16.89                    
304150800       19760306  11700               19.92                    
304150800       19770311   2710               10.28                    
304150800       19780325   6880               16.18                    
304150800       19790415   4910               14.022                   
304150800       19800416   3580               11.80                    
304150800       19810906   8170               17.28                    
304150800       19820401   7750               16.98                    
304150800       19830415   4280               12.99                    
304150800       19840619   8190               17.37                    
304150800       19850406  12000               20.56                    
304150800       19860912  20000               26.66                    
304150800       19870302   5260               13.67                    
304150800       19880310   4370               12.53                    
304150800       19890315   3470               11.33                    
304150800       19900313   6270               15.43                    
304150800       19910329   7800               16.63                    
304150800       19920417   8240               17.08                    
304150800       19930421   6840               15.60                    
304150800       19940709   8640               17.48                    
304150800       20110429   8620               17.29                    
304150800       20120304   4160               11.95                    
304150800       20130413   8790               17.63                    
