Z04131500                       USGS 
H04131500       4524300841045002626141SW0407000587.9           674.85           
N04131500       RAINY RIVER NEAR OCQUEOC, MI
Y04131500       
304131500       19530324    400                4.31                    
304131500       19540428    362                4.16                    
304131500       19550404    305                3.92                    
304131500       19560405    280                3.911                   
304131500       19570428    600                5.00                    
304131500       19580425    108                2.79                    
304131500       19590505    525                4.75                    
304131500       19600418    946                6.33                    
304131500       19610914    322                4.00                    
304131500       19620504    668                5.41                    
304131500       19630401    404                4.54                    
304131500       19640414    175                3.22                    
304131500       19650413    518                5.13                    
304131500       19660323    211                3.432                   
304131500       19670402    7002                                       
304131500       19680821    249                3.812                   
304131500       19690410    411                4.39                    
304131500       19700409    320                3.99                    
304131500       19710412    740                6.05                    
304131500       19720419    650                5.65                    
304131500       19730308    272                3.762                   
304131500       19740415    634                5.38                    
304131500       19750419    658                5.63                    
304131500       19760327    748                5.96                    
304131500       19770330    193                3.45                    
304131500       19780412    418                4.54                    
304131500       19790331    630                5.26                    
304131500       19800410    428                4.69                    
304131500       1981        2504B              3.804                   
304131500       19820417    398                4.26                    
