Z04173500                       USGS 
H04173500       4218010835354002626161SW04090005128            850              
N04173500       MILL CREEK NEAR DEXTER, MI
Y04173500       
304173500       19520311    790               10.30                    
304173500       19530304    510                8.80                    
304173500       19540325    890               10.80                    
304173500       19541015    690                9.82                    
304173500       19560429   1300               12.20                    
304173500       19570406    368                7.95                    
304173500       19571219    528                8.90                    
304173500       19590306    939               10.50                    
304173500       19600328    804               10.03                    
304173500       19610426    859               10.60                    
304173500       19620312   1240               11.73                    
304173500       19630320    521                8.72                    
304173500       19640403    280                7.43                    
304173500       19650305   1030               11.04                    
304173500       19651225    750                9.92                    
304173500       19670403    562                9.31                    
304173500       19680626   1500               12.95                    
304173500       19681229   1080               11.84                    
304173500       19700304    678               10.27                    
304173500       19710220    800               11.801                   
304173500       19720314    562                9.76                    
304173500       19721231    675               10.26                    
304173500       19740310   1020               11.30                    
304173500       19750901   1210               11.95                    
304173500       19760305   1050               11.39                    
304173500       19770304    668               10.21                    
304173500       19780322    835               11.37                    
304173500       19790305    740               10.51                    
304173500       19800318    818               10.59                    
304173500       19810219    939               11.03                    
304173500       19820314   1230               11.99                    
304173500       19950804    691               10.13                    
304173500       19960619    487                9.54                    
304173500       19970222    818               10.85                    
304173500       19980218    745               10.45                    
304173500       19990424    732               10.53                    
304173500       20000625    686               10.35                    
304173500       20010210   1160               11.99                    
304173500       20011017    703               10.42                    
304173500       20030405    494                9.58                    
304173500       20040522    991               11.47                    
304173500       20050114    880               11.09                    
304173500       20060217    608               10.04                    
304173500       20061202    577               10.60                    
304173500       20080109    828               11.35                    
304173500       20090311    752               11.04                    
304173500       20100607    892               11.13                    
304173500       20110729   1020               11.58                    
304173500       20111130    949               11.33                    
304173500       20130420    737               10.57                    
