Z04159492                       USGS 
H04159492       4309090823727002626147SW04090001464            651.58           
N04159492       BLACK RIVER NEAR JEDDO, MI
Y04159492       
304159492       19440227   3900               12.201                   
304159492       19450518   6050               10.90                    
304159492       19460305   8480               12.38                    
304159492       19470405  14400               16.06                    
304159492       19480320   9880               13.302                   
304159492       19490216   55001                   2                   
304159492       19500328   9720               13.20                    
304159492       19501204   6210               10.832                   
304159492       19520313   65001                   2                   
304159492       19530805   4150                9.00                    
304159492       19540217   75001              14.691                   
304159492       19541016   5460               10.242                   
304159492       19560507   6980               11.862                   
304159492       19570428   4020                9.342                   
304159492       19571221   1300                5.752                   
304159492       19590403   7210               12.45                    
304159492       19600331  10100               14.24                    
304159492       19610426   1460                6.132                   
304159492       19620313   6700               13.941                   
304159492       19630326   3900                9.452                   
304159492       19640407    460                3.79                    
304159492       19650408   7660               13.242                   
304159492       19660324   2480                7.852                   
304159492       19670330   7580               13.19                    
304159492       19680202  11500               15.09                    
304159492       19690510   4670               10.77                    
304159492       19700409   3290                9.02                    
304159492       19710315   5860               11.922                   
304159492       19720417   3740                9.702                   
304159492       19730101   9060               13.98                    
304159492       19740404   6770               12.52                    
304159492       19750419  11000               14.94                    
304159492       19760306   8360               14.07                    
304159492       19770310   1850                7.252                   
304159492       19780324   7000               14.071                   
304159492       19790414   4340               10.622                   
304159492       19800318   4620               11.022                   
304159492       19810219   5990               12.39                    
304159492       19820316   7470               13.48                    
304159492       19830502   3520                9.67                    
304159492       19840618   5550               11.89                    
304159492       19850406   9220               14.302                   
304159492       19860912   6460               13.41                    
304159492       19861002   5660               12.66                    
304159492       19871221   4160               10.472                   
304159492       19890624   140012                                      
304159492       19900313   4400               10.78                    
304159492       19910527   6910               13.11                    
304159492       19920417   7610               14.67                    
304159492       19930421   6150               13.38                    
304159492       19940220   5640               12.68                    
304159492       19950313   3580               10.63                    
304159492       19960522   9200               15.58                    
304159492       19970222  10900               16.72                    
304159492       19980319   6940               13.84                    
304159492       19990125   1860                8.10                    
304159492       20000519   4060               11.09                    
304159492       20010210   8960               15.91                    
304159492       20011017   7220               13.85                    
304159492       20030317   3270               10.012                   
304159492       20040524   8570               14.79                    
304159492       20050114   5920               12.64                    
304159492       20060314   7900               14.37                    
304159492       20070314   6020               12.83                    
304159492       20080915   4740               11.362                   
304159492       20090212  12300               16.89                    
304159492       20100514   4480               10.98                    
304159492       20110429   7380               13.55                    
304159492       20111130   3750               10.27                    
304159492       20130412   8310               14.84                    
