Z04059000                       USGS 
H04059000       4554310871249002626041SW04030110870            749.26           
N04059000       ESCANABA RIVER AT CORNELL, MI
Y04059000       
304059000       19060421   9720                6.90                    
304059000       19070516   8580                6.70                    
304059000       19080430   7180                6.20                    
304059000       19110416   8870                6.80                    
304059000       19120409   5610                5.60                    
304059000       19510413   92506               4.6726                   
304059000       19520419  100006               4.782                   
304059000       19530703   67706               4.092                   
304059000       19540428   67706               4.10                    
304059000       19550414   75206               4.302                   
304059000       19560415   45606               3.602                   
304059000       19570422   57806               3.892                   
304059000       19580418   45106               3.542                   
304059000       19590419   48406               3.642                   
304059000       19600507  105006               4.90                    
304059000       19610419   58206               3.902                   
304059000       19620423   46406               3.582                   
304059000       19630404   3050126                 2                   
304059000       19640415   39006               3.342                   
304059000       19650510   64206               4.052                   
304059000       19660606   57006               3.92                    
304059000       19670405   83406               4.52                    
304059000       19680630   48006               3.672                   
304059000       19690415   82906               4.512                   
304059000       19700602   77606               4.40                    
304059000       19710414   84306               4.572                   
304059000       19720502   85806               4.62                    
304059000       19730504   59206               3.972                   
304059000       19740424   47306               3.65                    
304059000       19750425   73006               4.30                    
304059000       19760418   59206               3.972                   
304059000       19770414   39006               3.432                   
304059000       19780914   69906               4.232                   
304059000       19790426  107006               5.00                    
304059000       19800409   39306               3.412                   
304059000       19810616   38406               3.38                    
304059000       19820426   60006               3.992                   
304059000       19830415   49006               3.70                    
304059000       19840416   46306               3.102                   
304059000       19850422  106006               4.95                    
304059000       19860408   74006               4.312                   
304059000       19861013   23606               2.832                   
304059000       19880408   64706               4.102                   
304059000       19881107   39506               3.412                   
304059000       19900518   45106               3.582                   
304059000       19910409   45806               3.602                   
304059000       19920422   67206               4.16                    
304059000       19930504   56306               3.89                    
304059000       19940428   23906               2.85                    
304059000       19950517   25606               2.92                    
304059000       19960426   84706               4.55                    
304059000       19970406   61806               4.002                   
304059000       19980401   57106               3.88                    
304059000       19990407   45806               3.60                    
304059000       20000309   32206               3.14                    
304059000       20010413   50406               3.71                    
304059000       20020417   90206               4.65                    
304059000       20030421   48306               3.74                    
304059000       20040421   55206               3.902                   
304059000       20050408   46206               3.592                   
304059000       20060514   36306               3.282                   
304059000       20070328   39006               3.372                   
304059000       20080422   66706               4.13                    
304059000       20090427   43906               3.52                    
304059000       20100924   30506               3.08                    
304059000       20110411   50806               3.72                    
304059000       20120319   26006               2.912                   
304059000       20130430   64206               4.09                    
