Z04106000                       USGS 
H04106000       4217080853050002626077SW040500031010           756.12           
N04106000       KALAMAZOO RIVER AT COMSTOCK, MI
Y04106000       
304106000       19330509   1930                2.802                   
304106000       19340408   2830                4.40                    
304106000       19350314   1840                3.02                    
304106000       19360302   2750                4.28                    
304106000       19370628   3720                5.98                    
304106000       19380602   2500                4.16                    
304106000       19390422   2640                4.32                    
304106000       19400902   2080                3.80                    
304106000       19410423   1590                2.74                    
304106000       19420319   3960                5.60                    
304106000       19430605   4770                6.41                    
304106000       19440229   3400                4.95                    
304106000       19450520   3580                5.17                    
304106000       19460309   3400                4.96                    
304106000       19470408   6910                7.94                    
304106000       19480322   5980                7.15                    
304106000       19490218   3640                5.12                    
304106000       19500330   5260                6.65                    
304106000       19510107   2940                4.30                    
304106000       19520119   3120                4.47                    
304106000       19530610   1480                2.52                    
304106000       19540329   2480                3.66                    
304106000       19550304   2000                3.14                    
304106000       19560503   3560                5.02                    
304106000       19570430   1780                2.80                    
304106000       19580304   1780                2.70                    
304106000       19590406   2290                3.46                    
304106000       19600402   3780                5.39                    
304106000       19610428   2370                3.57                    
304106000       19620324   2710                4.06                    
304106000       19630321   1960                3.05                    
304106000       19640406   1020                1.75                    
304106000       19650309   2350                3.54                    
304106000       19660517   1860                2.91                    
304106000       19670407   2180                3.32                    
304106000       19680206   3360                4.95                    
304106000       19690203   2790                4.17                    
304106000       19700412   2540                3.81                    
304106000       19710224   3080                4.59                    
304106000       19720421   2250                3.41                    
304106000       19730104   3380                4.97                    
304106000       19740312   3830                5.44                    
304106000       19750422   5150                7.04                    
304106000       19760308   3930                5.37                    
304106000       19770401   1850                2.73                    
304106000       19780628   3490                4.89                    
304106000       19790308   3810                5.23                    
304106000       19850228   6410                7.91                    
304106000       19860315   3760                5.18                    
304106000       19861006   3780                5.20                    
304106000       19880410   3200                7.406                   
304106000       19890604   4910                9.37                    
304106000       19900315   4390                8.79                    
304106000       19901202   3460                7.72                    
304106000       19911027   2280                6.23                    
304106000       19930108   3630                7.92                    
304106000       19940222   2700                6.78                    
304106000       19950316   1980                5.82                    
304106000       19951113   22606               6.20                    
304106000       19970225   3110                7.30                    
304106000       19980110   3080                7.26                    
304106000       19990426   3360                7.60                    
304106000       20000523   2140                6.04                    
304106000       20010214   4250                8.64                    
304106000       20020313   2530                6.45                    
304106000       20030408   2240                6.07                    
304106000       20040525   4220                8.57                    
304106000       20050117   4190                8.53                    
304106000       20060317   2390                6.28                    
304106000       20070316   2560                6.50                    
304106000       20080918   5670               10.43                    
304106000       20090312   4580                9.14                    
304106000       20100725   3560                7.86                    
304106000       20110530   4210                8.69                    
304106000       20120304   2760                6.81                    
304106000       20130422   3810                8.19                    
