Z04057000                       USGS 
H04057000       4559280861717002626153SW04060106302            608.66           
N04057000       INDIAN RIVER NEAR MANISTIQUE, MI
Y04057000       
304057000       19380405    7675               5.92                    
304057000       19390430   10005               6.48                    
304057000       19400506    7215               5.37                    
304057000       19401124    5765               4.83                    
304057000       19420412    6185               5.31                    
304057000       19430624   15505               7.79                    
304057000       19440504    5965               4.91                    
304057000       19450404    8265               5.75                    
304057000       19460402    6595               5.07                    
304057000       19470507    7595               5.47                    
304057000       19480430    5075               4.57                    
304057000       19490703    5955               4.87                    
304057000       19500510    9855               6.32                    
304057000       19510417    9965               6.16                    
304057000       19520423    7965               5.60                    
304057000       19530506    9385               5.512                   
304057000       19540505    88615              5.83                    
304057000       19550421    61115              4.94                    
304057000       19560418    63315              4.91                    
304057000       19570427    69115              5.20                    
304057000       19571127    62315              5.18                    
304057000       19590513    74615              5.44                    
304057000       19600512   203015              7.56                    
304057000       19610426    63315              4.90                    
304057000       19620502    75215              5.10                    
304057000       19630830    47415                  2                   
304057000       19640512    59515                  2                   
304057000       19650516    85115                  2                   
304057000       19660401    69215                  2                   
304057000       19670422    90915                  2                   
304057000       19680424    76615                  2                   
304057000       19690701   102015                  2                   
304057000       19700501    75815              5.15                    
304057000       19710422   100015                  2                   
304057000       19720506   10005               5.85                    
304057000       19730510    7315               5.02                    
304057000       19740610    7655               5.13                    
304057000       19750505    8575               5.41                    
304057000       19760425    9365               5.65                    
304057000       19770422    9305               5.63                    
304057000       19780520    8215               5.30                    
304057000       19790428   11505               6.27                    
304057000       19800415    7105               4.95                    
304057000       19810615    7105               4.952                   
304057000       19820501    8845               5.28                    
304057000       19930709    71615                                      
