Z04138500                       USGS 
H04138500       4410340834433002626069SW04080101154            616.24           
N04138500       AU GRES RIVER AT COX ROAD NEAR NATIONAL CITY, MI
Y04138500       
304138500       19510426   1500                7.67                    
304138500       19520414   16001                   2                   
304138500       19530503   1040                6.532                   
304138500       19540626    790                5.60                    
304138500       19550322   1490                7.552                   
304138500       19560404    920                5.432                   
304138500       19570426    748                4.812                   
304138500       19571115    600                4.16                    
304138500       19590404   1970                7.872                   
304138500       19600331   1400                9.041                   
304138500       19610325    6001                                       
304138500       19620329   1820                7.50                    
304138500       19630326   1530                6.732                   
304138500       19640406    101                2.472                   
304138500       19650412   1730                7.00                    
304138500       19651127   1160                5.44                    
304138500       19670327   1710                6.672                   
304138500       19680528   1830                7.022                   
304138500       19690816   2350                8.32                    
304138500       19700603   1290                5.72                    
304138500       19710402   1460                6.13                    
304138500       19720413   1700                6.59                    
304138500       19730528    987                4.982                   
304138500       19740306   2500               10.641                   
304138500       19750901   1130                4.91                    
304138500       19760321   2720                8.64                    
304138500       19770311    3452                                       
304138500       19780407   1140                5.35                    
304138500       19790319   1140                6.291                   
304138500       19800320    475                5.10                    
304138500       19810219   1550                8.00                    
