Z04148140                       USGS 
H04148140       4302010833453002626049SW0408020499.4           747.39           
N04148140       KEARSLEY CREEK NEAR DAVISON, MI
Y04148140       
304148140       19660323    257                6.35                    
304148140       19670417    609                9.54                    
304148140       19680202    858               10.29                    
304148140       19690510    520                8.62                    
304148140       19700421    304                7.06                    
304148140       19710315    604                9.67                    
304148140       19720417    635                9.87                    
304148140       19721231    753               10.10                    
304148140       19740517    815               10.29                    
304148140       19750421   1250               11.32                    
304148140       19760222    795               10.00                    
304148140       19770405    267                6.772                   
304148140       19780324    708                9.75                    
304148140       19790305    4702               9.591                   
304148140       19800318    461                8.49                    
304148140       19810905    938               10.37                    
304148140       19811001   1190               11.18                    
304148140       19830502    446                8.19                    
304148140       19840316    505                8.58                    
304148140       19850909   1500               11.85                    
304148140       19860930    927               10.49                    
304148140       19870405    321                7.02                    
304148140       19871220    397                7.70                    
304148140       19890624    309                6.902                   
304148140       19900312    496                8.51                    
304148140       19901128    487                8.44                    
304148140       19920424    610                9.34                    
304148140       19930420    604                9.30                    
304148140       19940220    700                9.78                    
304148140       19950314    497                8.52                    
304148140       19960521    852               10.27                    
304148140       19970221    787               10.07                    
304148140       19980309    560                9.00                    
304148140       19990424    35012                                      
304148140       20000519    493                8.46                    
304148140       20010210   1280               11.38                    
304148140       20020409    405                7.87                    
304148140       20030407    251                7.012                   
304148140       20040524    862               10.30                    
304148140       20050114    3571                                       
304148140       20060313    756                9.97                    
304148140       20061201    541                8.87                    
304148140       20080915    651                9.58                    
304148140       20090212    889               10.36                    
304148140       20100513    455                8.30                    
304148140       20110519   1070               10.88                    
304148140       20120507    653                9.59                    
304148140       20130419    869               10.42                    
