Z04105000                       USGS 
H04105000       4219530850913002626025SW04050003241            823.24           
N04105000       BATTLE CREEK AT BATTLE CREEK, MI
Y04105000       
304105000       19310607    3397               1.24                    
304105000       19330512    695                1.78                    
304105000       19340406   1300                2.48                    
304105000       19350313   1020                2.18                    
304105000       19360229    890                2.11                    
304105000       19370628   1920                2.96                    
304105000       19380209   1030                2.20                    
304105000       19390222   1230                2.40                    
304105000       19400831    938                2.08                    
304105000       19410307    688                1.80                    
304105000       19420318   2460                3.51                    
304105000       19430603   2580                3.52                    
304105000       19440228   1470                2.55                    
304105000       19450518   1470                2.64                    
304105000       19460307   1780                2.86                    
304105000       19470407   3640                4.48                    
304105000       19480321   3300                4.19                    
304105000       19490215   1270                2.42                    
304105000       19500329   2060                3.10                    
304105000       19510106   1560                2.65                    
304105000       19520118   1300                2.42                    
304105000       19530608    919                2.01                    
304105000       19540327   1260                2.36                    
304105000       19550223    901                1.99                    
304105000       19560501   1840                2.91                    
304105000       19570522   1000                2.10                    
304105000       19580302    739                1.81                    
304105000       19590318   1020                2.12                    
304105000       19600401   1970                3.07                    
304105000       19610428    982                2.08                    
304105000       19620322   1240                2.37                    
304105000       19630320    667                1.73                    
304105000       19640407    237                1.04                    
304105000       19650307   1250                2.38                    
304105000       19660427    552                1.59                    
304105000       19670328    928                2.02                    
304105000       19680204   1560                2.69                    
304105000       19690201   1180                2.30                    
304105000       19700410   1330                2.46                    
304105000       19710222   1220                2.36                    
304105000       19720319   1020                2.12                    
304105000       19730102   1540                2.67                    
304105000       19740310   1940                3.05                    
304105000       19750421   3590                4.44                    
304105000       19760307   1560                2.66                    
304105000       19770401    576                1.62                    
304105000       19780325   1270                2.40                    
304105000       19790307   2070                3.11                    
304105000       19800320    874                1.91                    
304105000       19810221   13001                                       
304105000       19820316   2510                3.54                    
304105000       19830416   1130                2.24                    
304105000       19840215    865                1.95                    
304105000       19850226   3040                3.98                    
304105000       19860313   1680                2.81                    
304105000       19861006   1650                2.64                    
304105000       19880409   1330                2.46                    
304105000       19890603   1630                2.76                    
304105000       19900313   1710                2.84                    
304105000       19901130   1570                2.70                    
304105000       19911202    883                1.97                    
304105000       19930422   1760                2.88                    
304105000       19940222   1290                2.46                    
304105000       19950315    910                2.05                    
304105000       19960622    640                1.74                    
304105000       19970223   1650                2.78                    
304105000       19980312   1200                2.37                    
304105000       19990425   1450                2.63                    
304105000       20000522    991                2.09                    
304105000       20010212   2140                3.23                    
304105000       20020311   1060                2.17                    
304105000       20030407    973                2.07                    
304105000       20040524   2630                3.64                    
304105000       20050115   2080                3.17                    
304105000       20060315   1120                2.23                    
304105000       20070313   1100                2.21                    
304105000       20080917   2410                3.46                    
304105000       20090311   1820                2.94                    
304105000       20100314   1540                2.67                    
304105000       20110528   1710                2.84                    
304105000       20120304   1040                2.15                    
304105000       20130421   1610                2.74                    
