Z04158500                       USGS 
H04158500       4345360831443002626063SW0408010353.2           645              
N04158500       PIGEON RIVER NEAR OWENDALE, MI
Y04158500       
304158500       19530501   1130                8.00                    
304158500       19540325   2550               10.75                    
304158500       19550311   1020                7.69                    
304158500       19560506   1290                8.37                    
304158500       19570629    468                5.122                   
304158500       19580306    3201                                       
304158500       19590402   1320                8.482                   
304158500       19600330   2000               10.251                   
304158500       19610323    166                3.25                    
304158500       19620318    750                9.451                   
304158500       19630326    9002                                       
304158500       19640430   45.0                2.272                   
304158500       19650407    700                6.962                   
304158500       19660304    819                7.39                    
304158500       19670327   2030                9.302                   
304158500       19680327   1220                8.702                   
304158500       19690510    907                8.09                    
304158500       19700615   1490                9.97                    
304158500       19710316    670               10.421                   
304158500       19720323    6502                                       
304158500       19730315    970                8.252                   
304158500       19740305   1300                9.88                    
304158500       19750521    962                9.79                    
304158500       19760306   1040               10.471                   
304158500       19770305    430                8.401                   
304158500       19780324    940               10.201                   
304158500       19790414    780                8.692                   
304158500       19800318    614                8.08                    
304158500       19810219    885               10.871                   
304158500       19820331   1030               10.722                   
