Z04164500                       USGS 
H04164500       4237450825320002626099SW04090003199            576.38           
N04164500       NORTH BRANCH CLINTON RIVER NEAR MT. CLEMENS, MI
Y04164500       
304164500       19480320   4080               15.602                   
304164500       19490216   3000               14.60                    
304164500       19500404   45001              17.501                   
304164500       19501204   2960               14.73                    
304164500       19520312   2460               14.25                    
304164500       19530305   1120               11.10                    
304164500       19540217   3900               15.52                    
304164500       19550228   1270               11.74                    
304164500       19560430   5830               16.87                    
304164500       19570520   3220               14.65                    
304164500       19571220   16002                                       
304164500       19590403   1820               13.012                   
304164500       19600329   2530               13.98                    
304164500       19610426    941               10.80                    
304164500       19620313   4800               17.201                   
304164500       19630512    697                9.282                   
304164500       19640510    999               10.83                    
304164500       19650211   4480               16.30                    
304164500       19660324   1320               12.41                    
304164500       19670418   2540               14.72                    
304164500       19680202   6700               18.62                    
304164500       19690511   1660               13.49                    
304164500       19700406   1030               11.70                    
304164500       19710316   1490               13.142                   
304164500       19720417   1720               13.59                    
304164500       19730101   22002                                       
304164500       19740305   5170               16.93                    
304164500       19750420   6500               18.48                    
304164500       19760218   3310               15.34                    
304164500       19770330    982               11.36                    
304164500       19780322   2060               13.85                    
304164500       19790305   2050               13.83                    
304164500       19800405   2180               14.01                    
304164500       19810220   2770               14.41                    
304164500       19811002   4500               16.40                    
304164500       19830503   3060               14.78                    
304164500       19840322   3060               14.77                    
304164500       19850225   5140               17.541                   
304164500       19860311   3450               15.23                    
304164500       19870303   1570               12.86                    
304164500       19871217   1350               12.51                    
304164500       19890621   1820               13.21                    
304164500       19900223   2040               13.38                    
304164500       19901230   2610               14.21                    
304164500       19920426   1320               12.01                    
304164500       19930105   2800               14.95                    
304164500       19940308   1970               13.26                    
304164500       19950309   1420               12.23                    
304164500       19960619   2940               14.68                    
304164500       19970330   3180               15.01                    
304164500       19980219   3000               14.76                    
304164500       19990424   2000               13.51                    
304164500       20000924   27002                                       
304164500       20010210   4990               18.61                    
304164500       20011201   2010               13.79                    
304164500       20030405   2060               13.89                    
304164500       20040524   6830               20.34                    
304164500       20050216   2190               13.96                    
304164500       20060218   2700               14.92                    
304164500       20061202   2420               14.40                    
304164500       20080916   3460               16.16                    
304164500       20090213   4260               17.32                    
304164500       20100315   1470               12.54                    
304164500       20110516   2470               14.53                    
304164500       20111130   2770               15.07                    
304164500       20130413   2590               14.77                    
