Z04037500                       USGS 
H04037500       4615120892705002626053SW0402010250.7           1672.69          
N04037500       CISCO BRANCH ONTONAGON R AT CISCO LAKE OUTLET, MI
Y04037500       
304037500       19450706    1745               1.643                   
304037500       19460625    2295               1.883                   
304037500       19470612    1695               1.603                   
304037500       19471127    1155               1.303                   
304037500       19490707    1985               1.743                   
304037500       19500513    1585               1.643                   
304037500       19510502    2885               2.103                   
304037500       19520722    2605               2.003                   
304037500       19530707    2205               1.843                   
304037500       19540504    2455               1.903                   
304037500       19541016    2285               1.833                   
304037500       19560602    1785               1.623                   
304037500       19570424    1185               1.343                   
304037500       19580706    1505               1.503                   
304037500       19590928    2555               1.943                   
304037500       19600428    2355                                       
304037500       19610521    1915               1.683                   
304037500       19620826    1555               1.563                   
304037500       19630614    1645               1.563                   
304037500       19640525    2015               1.723                   
304037500       19650517    2635               2.003                   
304037500       19660325    1885               1.703                   
304037500       19670617    2405               1.963                   
304037500       19671027    2405               1.983                   
304037500       19690627    1935               5.616                   
304037500       19700531    2295               5.75                    
304037500       19710722    1905               5.60                    
304037500       19720816    2035               5.65                    
304037500       19730510    2005               5.61                    
304037500       19740609    1885               5.59                    
304037500       19741021    1365               5.36                    
304037500       19751025    1485               5.42                    
304037500       19770831    2135               5.69                    
304037500       19780823    2135               5.71                    
304037500       19790619    1905               5.62                    
304037500       19800922    1715               5.62                    
304037500       19810617    2195               5.71                    
304037500       19820717    2065               5.66                    
304037500       19830705    1905               5.60                    
304037500       19831012    1785               5.55                    
304037500       19850903    1905               5.60                    
304037500       19851008    2115               5.68                    
304037500       19861013    1515               5.43                    
304037500       19871017    1765               5.54                    
304037500       19890612    1535               5.44                    
304037500       19900613    1835               5.60                    
304037500       19910529    1925               5.65                    
304037500       19920702    1975               5.67                    
304037500       19930621    1855               5.62                    
304037500       19940916    1835               5.61                    
304037500       19950930    1765               5.58                    
304037500       19960520    1975               5.67                    
304037500       19970514    1455               5.43                    
304037500       19971008    1815               5.60                    
304037500       19990510    1815               5.60                    
304037500       20000702    1905               5.64                    
304037500       20010424    1825               5.60                    
304037500       20020418    2455               5.87                    
304037500       20030512    2435               5.86                    
304037500       20040420    2235               5.78                    
304037500       20050725    1715               5.54                    
304037500       20051005    1955               5.66                    
304037500       20070326    1735               5.55                    
304037500       20071006    1775               5.57                    
304037500       20090421    1825               5.59                    
304037500       20100927    1755               5.49                    
304037500       20110430    1865               5.52                    
304037500       20120320     915               5.012                   
304037500       20130503    2045               5.68                    
