Z04117000                       USGS 
H04117000       4233570850537002626015SW040500077.60           821.89           
N04117000       QUAKER BROOK NEAR NASHVILLE, MI
Y04117000       
304117000       19541004    294                5.47                    
304117000       19560307    232                4.91                    
304117000       19570519    113                3.312                   
304117000       19580806   70.0                3.00                    
304117000       19590315   84.0                3.16                    
304117000       19600329    176                4.87                    
304117000       19610425   35.0                2.61                    
304117000       19620503   54.0                2.82                    
304117000       19630510   56.0                2.85                    
304117000       19640509   33.0                2.54                    
304117000       19650304    193                5.07                    
304117000       19660322    125                3.91                    
304117000       19661207   78.0                3.09                    
304117000       19680201    139                4.32                    
304117000       19690130    136                4.20                    
304117000       19700408    112                3.65                    
304117000       19710220    150                4.52                    
304117000       19720823    198                5.16                    
304117000       19721231    161                5.46                    
304117000       19740309    189                5.79                    
304117000       19750419    470                9.45                    
304117000       19760221    141                4.31                    
304117000       19770304   61.0                2.99                    
304117000       19780626    169                4.79                    
304117000       19790304    266                6.40                    
304117000       19800803    169                4.78                    
304117000       19810217    135                4.22                    
304117000       19820313    243                6.01                    
304117000       19830502    203                5.35                    
304117000       19840213   64.0                3.04                    
304117000       19850224    275                6.55                    
304117000       19860310    256                6.23                    
304117000       19861003    107                3.83                    
304117000       19880923    191                6.17                    
304117000       19890531    200                6.49                    
304117000       19900310    121                4.07                    
304117000       19901128    200                6.32                    
304117000       19911129   66.0                3.41                    
304117000       19930420    212                6.52                    
304117000       19940813    167                5.87                    
304117000       19941106   87.0                4.22                    
304117000       19960618    105                4.74                    
304117000       19970221    147                5.92                    
304117000       19980218     75                3.86                    
304117000       19990423     98                4.53                    
304117000       20000519    104                4.70                    
304117000       20010209    239                6.11                    
304117000       20020309     57                3.16                    
304117000       20030405    104                3.97                    
304117000       20040523    270                6.63                    
304117000       20050113    155                5.20                    
304117000       20060309     44                2.922                   
304117000       20070322     38                2.82                    
304117000       20080608    256                6.85                    
304117000       20081227    148                4.98                    
304117000       20100606    244                6.20                    
304117000       20110729    192                5.34                    
304117000       20111020   43.0                2.84                    
304117000       20130529    162                4.79                    
