Z04132500                       USGS 
H04132500       4500300835821002626119SW04070006232            760              
N04132500       THUNDER BAY RIVER NEAR HILLMAN, MI
Y04132500       
304132500       19460314    920                8.082                   
304132500       19470412   1380                8.86                    
304132500       19480322    830                8.581                   
304132500       19490328    653                7.51                    
304132500       19500328    5001                                       
304132500       19510413    776                7.792                   
304132500       19520414   1140                8.51                    
304132500       19530324    659                7.52                    
304132500       19540408   1110                8.46                    
304132500       19550421    592                7.302                   
304132500       19560404    998                8.25                    
304132500       19570425   1250                8.69                    
304132500       19571119    318                6.022                   
304132500       19590406    976                8.21                    
304132500       19600510   1270                8.72                    
304132500       19610328    7101                                       
304132500       19620520   1060                8.37                    
304132500       19630511   1280                9.63                    
304132500       19640430    420                6.582                   
304132500       19650412   1190                9.38                    
304132500       19660211    560                8.571                   
304132500       19670401    921                8.57                    
304132500       19680823    744                7.98                    
304132500       19690627    939                8.63                    
304132500       19700409    8902                                       
304132500       19710413   1180                9.34                    
304132500       19720416    795                8.15                    
304132500       19730528    592                7.412                   
304132500       19740705   1210                9.43                    
304132500       19750420    945                8.65                    
304132500       19760325   1010                8.87                    
304132500       19770315    693                7.81                    
304132500       19780412    810                8.20                    
304132500       19790320    819                8.23                    
304132500       19800408    655                7.66                    
304132500       19810411    522                7.132                   
304132500       19820418    438                6.79                    
