Z04139000                       USGS 
H04139000       4423450840250002626129SW0408010129.7           864.55           
N04139000        HOUGHTON CREEK NEAR LUPTON, MI
Y04139000       
304139000       19510426    400                5.62                    
304139000       19520414    460                5.82                    
304139000       19530531    231                4.52                    
304139000       19540626    430                5.68                    
304139000       19550322    281                5.02                    
304139000       19560404    575                6.31                    
304139000       19570425    199                4.332                   
304139000       19571115    190                4.07                    
304139000       19590520    955                7.15                    
304139000       19600331    248                4.68                    
304139000       19610325    236                4.61                    
304139000       19620330    465                5.86                    
304139000       19630511    505                6.002                   
304139000       19640305   98.0                3.31                    
304139000       19650412    525                6.25                    
304139000       19651127    331                5.60                    
304139000       19661209    348                5.65                    
304139000       19680528    226                4.78                    
304139000       19690509    323                5.38                    
304139000       19700603    242                4.96                    
304139000       19710413    432                5.94                    
304139000       19711216    310                5.56                    
304139000       19730528    245                4.85                    
304139000       19740414    417                5.89                    
304139000       19750320    214                4.54                    
304139000       19760324    355                5.68                    
304139000       19770313    256                4.96                    
304139000       19780407    319                5.22                    
304139000       19790330    256                4.96                    
304139000       19800409    236                4.76                    
304139000       19810409    381                5.77                    
304139000       19820331    423                5.91                    
304139000       19830415    444                6.26                    
304139000       19840711    345                5.92                    
304139000       19850406    387                5.92                    
304139000       19860930    510                6.30                    
304139000       19861005    2752                                       
304139000       19880330    251                5.51                    
304139000       19890327    558                6.36                    
