Z04106400                       USGS 
H04106400       4214400853652002626077SW0405000318.7           858.09           
N04106400       WEST FORK PORTAGE CREEK AT KALAMAZOO, MI
Y04106400       
304106400       19600113   26.0                2.40                    
304106400       19610425   20.0                2.20                    
304106400       19620323   25.0                2.352                   
304106400       19630320   18.0                3.12                    
304106400       19640403   14.0                2.19                    
304106400       19650305   13.0                2.16                    
304106400       19660514   15.0                2.20                    
304106400       19661208   39.0                2.482                   
304106400       19680627   25.0                2.51                    
304106400       19690609   21.0                2.422                   
304106400       19691013   20.0                2.39                    
304106400       19710220   28.02                                       
304106400       19720313   19.0                2.76                    
304106400       19730823   24.0                2.90                    
304106400       19740517   26.0                2.99                    
304106400       19750419   41.0                3.32                    
304106400       19760425   26.0                2.97                    
304106400       19770309   20.0                2.82                    
304106400       19780626   28.0                3.072                   
304106400       19790608   23.0                2.94                    
304106400       19791225   26.0                2.95                    
304106400       19810423   20.0                2.83                    
304106400       19820717   36.0                3.13                    
304106400       19830502   32.0                3.07                    
304106400       19840316   26.0                2.97                    
304106400       19850224   34.0                3.11                    
304106400       19851120   33.01                                       
304106400       19861001   28.01                                       
304106400       19880923   25.0                2.94                    
304106400       19890601   37.012                                      
304106400       19891115   18.0                2.76                    
304106400       19901128   31.0                3.03                    
304106400       19911027   27.0                2.96                    
304106400       19921207   41.0                3.23                    
304106400       19931017   29.0                3.00                    
304106400       19950417   40.0                3.22                    
304106400       19951111   21.0                2.82                    
304106400       19970621     46                3.33                    
304106400       19980108     24                2.86                    
304106400       19990423     32                3.05                    
304106400       20000519     17                2.70                    
304106400       20010209     17                2.71                    
304106400       20020309     19                2.77                    
304106400       20030405     16                2.68                    
304106400       20040305   16.0                2.68                    
304106400       20050113     29                2.992                   
304106400       20060313     24                2.88                    
304106400       20070105     17                2.702                   
304106400       20080915     69                3.69                    
304106400       20090310   35.0                3.12                    
304106400       20100606   28.0                2.98                    
304106400       20110428   26.0                2.922                   
304106400       20111020   20.0                2.78                    
304106400       20130419   23.0                2.86                    
