Z04055000                       USGS 
H04055000       4605100860334002626153SW04060106704            612.55           
N04055000       MANISTIQUE RIVER AT COOKSON BRIDGE NEAR BLANEY, MI
Y04055000       
304055000       19380401   9300               19.42                    
304055000       19390427   6850               18.89                    
304055000       19400424   4160               17.55                    
304055000       19410411   2210               13.18                    
304055000       19420406   4160               17.57                    
304055000       19430413   3910               17.32                    
304055000       19440428   2570               14.58                    
304055000       19450323   4720               18.102                   
304055000       19460320   3650               16.90                    
304055000       19470413   4260               17.69                    
304055000       19480413   2470               14.33                    
304055000       19490406   2700                                        
304055000       19500426   5690               18.20                    
304055000       19510412   4890               17.88                    
304055000       19520411   3100               16.53                    
304055000       19530326   3600               17.33                    
304055000       19540417   4200               17.50                    
304055000       19550415   2830               15.71                    
304055000       19560410   3240                                        
304055000       19570424   3690               17.01                    
304055000       19571121   1980               13.35                    
304055000       19590420   3480               16.90                    
304055000       19600510   8610               19.04                    
304055000       19610418   2340               14.69                    
304055000       19620425   2920               16.04                    
304055000       19630408   2540               14.62                    
304055000       19640418   2490               14.80                    
304055000       19650424   3770               17.17                    
304055000       19660326   3200               17.101                   
304055000       19670403   4180               17.50                    
304055000       19680402   3360               16.73                    
304055000       19690415   4140               17.47                    
304055000       19700424   3290               16.63                    
304055000       19710419   5780               18.37                    
304055000       19720430   5100               18.03                    
304055000       19730318   3940               17.32                    
304055000       19740421   4050               17.41                    
304055000       19750427   4920               17.94                    
304055000       19760408   5340               18.14                    
304055000       19770416   3560               16.96                    
304055000       19780516   40002                                       
304055000       19790419   4790               17.87                    
