Z04140500                       USGS 
H04140500       4418480840410002626129SW04080101117            828.47           
N04140500       RIFLE RIVER AT STATE ROAD AT SELKIRK, MI
Y04140500       
304140500       19510426   1020                4.02                    
304140500       19520414   1400                4.54                    
304140500       19530319    745                3.57                    
304140500       19540626   1020                3.99                    
304140500       19550323    800                3.66                    
304140500       19560404   1680                4.94                    
304140500       19570406    512                3.032                   
304140500       19580407    439                2.812                   
304140500       19590520   2760                6.76                    
304140500       19600404    695                3.45                    
304140500       19610325    775                3.61                    
304140500       19620330   1390                4.71                    
304140500       19630327   1160                4.48                    
304140500       19640430    275                2.442                   
304140500       19650412   1280                4.53                    
304140500       19660211    810                3.70                    
304140500       19670328    905                3.87                    
304140500       19680529    630                3.322                   
304140500       19690509    990                4.04                    
304140500       19700603    955                4.02                    
304140500       19710413   1310                4.41                    
304140500       19720413   1160                4.17                    
304140500       19730308    742                3.472                   
304140500       19740415   1100                3.94                    
304140500       19750901    862                3.63                    
304140500       19760325   1120                4.10                    
304140500       19770314    525                2.932                   
304140500       19780407    957                3.872                   
304140500       19790324    825                3.652                   
304140500       19800409    538                3.032                   
304140500       19810410    714                3.402                   
304140500       19820401    980                3.92                    
304140500       19830415   11402               4.515                   
304140500       19840322    6452                                       
304140500       19850406   1090                4.14                    
304140500       19860930   1180                4.30                    
304140500       19861005    596                3.082                   
304140500       19880330   1130                4.092                   
304140500       19890327   2160                5.17                    
304140500       19900313   1480                4.20                    
304140500       19910530   1570                4.80                    
304140500       19920416   1040                3.88                    
304140500       19930421    858                3.482                   
304140500       19940323    4842                                       
304140500       19950314    591                2.64                    
304140500       19960619   110012                                      
304140500       19970222    984                4.19                    
304140500       19980401   1100                4.09                    
304140500       19990615    621                3.03                    
304140500       20010603    4802                                       
304140500       20020310    810                3.48                    
304140500       20030525    617                3.022                   
304140500       20040524   13002                                       
304140500       20050331    621                3.032                   
304140500       20060313   1060                4.02                    
304140500       20070322   1280                4.59                    
304140500       20080401    999                3.89                    
304140500       20090404    990                3.872                   
304140500       20100613   1410                4.69                    
304140500       20110428   1270                4.43                    
