Z04135500                       USGS 
H04135500       4439350844245002626039SW04070007110            1123.49          
N04135500       AU SABLE RIVER AT GRAYLING, MI
Y04135500       
304135500       19430602    274                3.00                    
304135500       19431109    194                2.42                    
304135500       19450528    222                2.65                    
304135500       19460316    183                2.34                    
304135500       19470412    241                2.81                    
304135500       19480322    183                2.37                    
304135500       19490330    165                2.22                    
304135500       19500419    153                2.12                    
304135500       19510410    189                2.39                    
304135500       19520414    189                2.39                    
304135500       19530325    176                2.28                    
304135500       19540409    189                2.39                    
304135500       19550406    128                1.92                    
304135500       19560408    146                2.14                    
304135500       19570709    113                1.78                    
304135500       19571116   93.0                1.60                    
304135500       19590419    156                2.19                    
304135500       19600418    186                2.38                    
304135500       19610916    179                2.32                    
304135500       19611002    132                1.95                    
304135500       19630511    148                2.022                   
304135500       19640413   96.0                1.62                    
304135500       19650811    143                1.97                    
304135500       19651214    123                1.94                    
304135500       19670402    181                2.31                    
304135500       19680329    116                1.76                    
304135500       19690411    150                2.05                    
304135500       19700603    148                2.03                    
304135500       19710414    221                2.61                    
304135500       19720420    180                2.29                    
304135500       19730315    146                2.02                    
304135500       19740415    214                2.55                    
304135500       19750420    198                2.43                    
304135500       19760328    228                2.66                    
304135500       19770331    166                2.18                    
304135500       19780413    139                1.96                    
304135500       19790427    177                2.32                    
304135500       19800409    180                2.23                    
304135500       19810429    120                1.80                    
304135500       19820418    181                2.30                    
304135500       19830508    202                2.35                    
304135500       19840712    170                2.22                    
304135500       19850909    211                2.47                    
304135500       19860327    212                2.48                    
304135500       19861001    212                2.54                    
304135500       19880405    195                2.41                    
304135500       19890329    204                2.42                    
304135500       19900316    237                2.66                    
304135500       19910328    172                2.18                    
304135500       19911026    229                2.68                    
304135500       19930621    209                2.54                    
304135500       19940706    322                3.25                    
