Z04129500                       USGS 
H04129500       4522280843054002626031SW04070004139            675              
N04129500       PIGEON RIVER AT AFTON, MI
Y04129500       
304129500       19430331   11001              10.501                   
304129500       19431109    382                5.07                    
304129500       19450319    6151                   2                   
304129500       19460315    560                6.441                   
304129500       19470408    595                5.70                    
304129500       19480323    829                6.062                   
304129500       19490329    474                5.48                    
304129500       19500328    4501                                       
304129500       19510413    578                5.662                   
304129500       19520402    730                5.70                    
304129500       19530323    634                5.77                    
304129500       19540428    752                5.97                    
304129500       19541017    463                5.452                   
304129500       19560405    600                5.821                   
304129500       19570516    804                6.02                    
304129500       19580907    265                5.032                   
304129500       19590419    756                6.002                   
304129500       19600417   1170                6.80                    
304129500       19610915    954                6.52                    
304129500       19620503    570                5.90                    
304129500       19630510    752                6.15                    
304129500       19640414    444                5.45                    
304129500       19650413   1050                6.61                    
304129500       19660422    635                5.872                   
304129500       19670402    814                6.32                    
304129500       19680320    452                5.662                   
304129500       19690730    644                6.17                    
304129500       19691015    480                5.722                   
304129500       19710413    849                6.58                    
304129500       19720930    821                6.33                    
304129500       19730120    4521                                       
304129500       19740705    856                6.47                    
304129500       19750419    940                6.60                    
304129500       19760327    8352                                       
304129500       19770330    646                6.222                   
304129500       19780412    536                5.99                    
304129500       19790331    816                6.382                   
304129500       19800411    390                5.552                   
304129500       19810405    288                5.392                   
