Z04166500                       USGS 
H04166500       4222230831517002626163SW04090004187            584.00           
N04166500       RIVER ROUGE AT DETROIT, MI
Y04166500       
304166500       19310328    152                6.463                   
304166500       19320527   1720               14.323                   
304166500       19330501   3840               18.103                   
304166500       19340402   1650               13.6013                   
304166500       19350311    7602              10.7013                   
304166500       19360305    800               10.263                   
304166500       19370422   1440               12.823                   
304166500       19380214   2680               16.403                   
304166500       19390220   6140               19.303                   
304166500       19400330    850               12.6513                   
304166500       19401230   11002              11.3423                   
304166500       19420317   1300               12.753                   
304166500       19430512   4210               18.703                   
304166500       19440316    920               10.423                   
304166500       19450518   4000               17.653                   
304166500       19460618   1090                    23                   
304166500       19470405  13000                    23                   
304166500       19480510   6130               19.503                   
304166500       19490215   2420               13.86                    
304166500       19500404   3640               15.60                    
304166500       19501208   1880               12.68                    
304166500       19520311   2040               13.11                    
304166500       19530531    960                9.15                    
304166500       19540326   3080               14.91                    
304166500       19541004   1510               11.64                    
304166500       19560429   4240               16.29                    
304166500       19570709   4030               16.07                    
304166500       19571220   1380               11.20                    
304166500       19590306   1880               13.38                    
304166500       19600617   2140               13.42                    
304166500       19610425   1690               12.50                    
304166500       19620313   2750               14.49                    
304166500       19630610   1260               10.72                    
304166500       19640429    824                9.40                    
304166500       19650210   2610               14.95                    
304166500       19651225   1820               13.41                    
304166500       19670608   1520               12.66                    
304166500       19680626   7300               21.40                    
304166500       19690130   1990               13.78                    
304166500       19700304   1480               12.37                    
304166500       19710220   1520               12.712                   
304166500       19720314   1620               12.83                    
304166500       19730627   23002                                       
304166500       19740404   1980               13.612                   
304166500       19750901   2710               15.48                    
304166500       19760729   3330               16.52                    
304166500       19770426   2440               14.98                    
304166500       19780321   1460               12.34                    
304166500       19790414   2640               15.46                    
304166500       19800803   1920               14.02                    
304166500       19810219   1310               12.59                    
304166500       19811001   6830               21.08                    
304166500       19830502   3440               16.80                    
304166500       19840321   2200               14.97                    
304166500       19850224   3420               16.67                    
304166500       19860311   1700               13.24                    
304166500       19870621   1840               13.74                    
304166500       19871216   1790               13.48                    
304166500       19890622   3750               17.72                    
304166500       19900223   3810               17.19                    
304166500       19910526   3740               17.17                    
304166500       19920715   1530               13.34                    
304166500       19930105   2730               15.82                    
304166500       19940322   1670               13.472                   
304166500       19950804   1560               13.68                    
304166500       19960619   2610               15.96                    
304166500       19970703   2720               16.58                    
304166500       19980806   3500               17.36                    
304166500       19990424   2190               15.18                    
304166500       20000911   2560               15.87                    
304166500       20010210   3100               16.76                    
304166500       20011017   2520               15.50                    
304166500       20030405   1500               13.39                    
304166500       20040522   1490               14.01                    
304166500       20050114   1790               14.66                    
304166500       20060511   1680               14.42                    
304166500       20070302   1890               14.86                    
304166500       20080915   2780               16.39                    
304166500       20090309   2330               15.65                    
304166500       20100606   1980               15.02                    
304166500       20110526   5900               20.22                    
304166500       20111130   3030               16.40                    
304166500       20130613   1490               13.61                    
