Z04060500                       USGS 
H04060500       4603310883738002626071SW0403010692.1           1438.70          
N04060500       IRON RIVER AT CASPIAN, MI
Y04060500       
304060500       19480425    153                4.85                    
304060500       19490507    245                5.72                    
304060500       19500506    680                8.02                    
304060500       19510408    695                8.03                    
304060500       19520723    695                8.59                    
304060500       19530702   1430               10.20                    
304060500       19540427    845                8.54                    
304060500       19550410    478                7.24                    
304060500       19560713    238                5.84                    
304060500       19570618    212                5.63                    
304060500       19580701    294                6.53                    
304060500       19590928    410                7.40                    
304060500       19600424   1040                9.24                    
304060500       19610327    621                8.07                    
304060500       19620423    382                6.95                    
304060500       19630509    356                6.95                    
304060500       19640525    538                7.89                    
304060500       19650508    685                8.20                    
304060500       19660318    772                8.45                    
304060500       19670410    646                8.07                    
304060500       19680701    307                6.62                    
304060500       19690410    593                8.01                    
304060500       19700601    748                8.62                    
304060500       19710411    698                8.36                    
304060500       19720817    836                8.84                    
304060500       19730315    575                7.95                    
304060500       19740418    382                7.10                    
304060500       19750424    836                8.89                    
304060500       19760330    438                7.54                    
304060500       19770422    223                6.09                    
304060500       19780823    244                6.30                    
304060500       19790422    840                9.04                    
304060500       19800922    497                8.46                    
304060500       20050724    349                6.74                    
304060500       20051005    490                7.54                    
304060500       20070326    283                6.66                    
304060500       20080420    433                7.57                    
304060500       20090425    268                6.18                    
304060500       20100925    468                7.43                    
304060500       20110411    374                6.90                    
304060500       20120318    130                5.05                    
304060500       20130429    795                8.88                    
