Z04119000                       USGS 
H04119000       4257520854035002626081SW040500064900           585.70           
N04119000       GRAND RIVER AT GRAND RAPIDS, MI
Y04119000       
304119000       19010328  30000               13.90                    
304119000       19020709  11200                7.45                    
304119000       19030418  20600               11.20                    
304119000       19040328  54000               19.50        1838          
304119000       19050609  50200               18.60                    
304119000       19060126  18500               11.65                    
304119000       19070124  180002              15.101                   
304119000       19080315  28800               15.30                    
304119000       19090504  27600               14.85                    
304119000       19100308  21000               12.42                    
304119000       19110218  11800                7.98                    
304119000       19120407  30600               16.00                    
304119000       19130407  19000               11.70                    
304119000       19140518   9800                6.10                    
304119000       19150222  14800                9.60                    
304119000       19160330  30600               15.80                    
304119000       19170410  13000                8.80                    
304119000       19180318  32400               16.40                    
304119000       19190320  32400               16.40                    
304119000       19200317  28000               14.90                    
304119000       19210429  12000                8.20                    
304119000       19211221  17800               11.20                    
304119000       19230307  150002                                       
304119000       19240402  11000                7.50                    
304119000       19250323   8500                5.70                    
304119000       19260325  23000               13.30                    
304119000       19270316   9800                6.60                    
304119000       19280408  18300               11.40                    
304119000       19290305  214002                                       
304119000       19300228  23000               13.30                    
304119000       19310331   3200                2.7046                   
304119000       19320331   8820                5.66                    
304119000       19330411  11500                7.13                    
304119000       19340407   9450                6.04                    
304119000       19350307  19200               10.87                    
304119000       19360312  15900                9.68                    
304119000       19370425  16400                9.59                    
304119000       19380216  28300               13.27                    
304119000       19390423  16200                9.00                    
304119000       19400402  11600                6.49                    
304119000       19410105   9920                5.43                    
304119000       19420320  34000               15.13                    
304119000       19430319  29200               14.07                    
304119000       19440301  14200                8.48                    
304119000       19450521  16100                9.47                    
304119000       19460309  26800               13.52                    
304119000       19470409  38600               16.43                    
304119000       19480323  42200               17.03                    
304119000       19490219  18000               10.60                    
304119000       19500407  27200               13.92                    
304119000       19510223  19800               11.36                    
304119000       19520417  19000               11.07                    
304119000       19530317   8090                4.52                    
304119000       19540329  11500               10.926                   
304119000       19550301  10900               10.44                    
304119000       19560513  26000               17.70                    
304119000       19570524  13800               12.35                    
304119000       19580304  11900               11.15                    
304119000       19590325  18100               14.41                    
304119000       19600403  31800               19.25                    
304119000       19610429  10400               10.00                    
304119000       19620323  20500               15.47                    
304119000       19630322   8890                8.77                    
304119000       19640407   5680                6.76                    
304119000       19650412  22300               16.19                    
304119000       19660326   8700                8.61                    
304119000       19670425  16200               14.15                    
304119000       19680206  20000               15.23                    
304119000       19690203  12000               12.21                    
304119000       19700412  12800               12.00                    
304119000       19710301  24600               16.85                    
304119000       19720421  17800               14.34                    
304119000       19730105  23600               16.55                    
304119000       19740309  24600               16.87                    
304119000       19750424  23500               16.82                    
304119000       19760308  28300               19.29                    
304119000       19770310   9290                9.64                    
304119000       19780404  16900               15.09                    
304119000       19790310  17500               15.41                    
304119000       19800412   9170                9.40                    
304119000       19810223  17300               15.34                    
304119000       19820319  26700               18.83                    
304119000       19830417  14800               13.81                    
304119000       19840216  11500               11.38                    
304119000       19850301  30200               19.64                    
304119000       19860317  22300               17.42                    
304119000       19861004  28300               19.25                    
304119000       19880411  12400               12.122                   
304119000       19890605  17100               15.20                    
304119000       19900316  20800               16.49                    
304119000       19901202  17400               15.402                   
304119000       19920430  12700               12.34                    
304119000       19930424  18900               16.10                    
304119000       19940224  14500               13.62                    
304119000       19941109  13000               12.60                    
304119000       19960622  16900               15.00                    
304119000       19970225  23500               17.87                    
304119000       19980323  14300               13.50                    
304119000       19990427  17200               15.15                    
304119000       20000522  21400               17.42                    
304119000       20010214  20900               16.07                    
304119000       20020313  14400               13.04                    
304119000       20030407   7690                8.23                    
304119000       20040527  29000               19.54                    
304119000       20050117  16800               14.272                   
304119000       20060317  15600               13.71                    
304119000       20070316  16100               13.93                    
304119000       20080415  14700               13.042                   
304119000       20081231  24700               17.84                    
304119000       20100316  15300               13.19                    
304119000       20110501  21300               16.34                    
304119000       20120306  11900               11.09                    
304119000       20130421  35100               21.85                    
