Z04173000                       USGS 
H04173000       4223130835442002626161SW04090005522            837.11           
N04173000       HURON RIVER NEAR DEXTER, MI
Y04173000       
304173000       19460312   1140                5.14                    
304173000       19470409   3120                8.17                    
304173000       19480324   1750                6.44                    
304173000       19490220   1450                5.89                    
304173000       19500408   2340                7.25                    
304173000       19510225   15502                                       
304173000       19520417   1070                5.40                    
304173000       19530324    530                4.36                    
304173000       19540331    924                5.05                    
304173000       19550306    894                4.912                   
304173000       19560517   2330                6.98                    
304173000       19570718    880                4.97                    
304173000       19571228    704                4.64                    
304173000       19590409   1130                5.32                    
304173000       19600404   1110                5.29                    
304173000       19610501    950                5.04                    
304173000       19620317   1110                5.13                    
304173000       19630330    738                4.50                    
304173000       19640502    4202                                       
304173000       19650412    835                4.67                    
304173000       19660412    645                4.15                    
304173000       19670403   1020                4.78                    
304173000       19680701   2100                6.45                    
304173000       19690203   1380                5.36                    
304173000       19691122    951                4.66                    
304173000       19701121   1190                5.04                    
304173000       19720514   1030                4.79                    
304173000       19730104   1520                5.52                    
304173000       19740309   2390                6.76                    
304173000       19750427   1450                5.41                    
304173000       19760305   25001                                       
304173000       19770428   1220                4.99                    
304173000       19780323   1460                5.43                    
304173000       19790415    891                4.56                    
