Z04114498                       USGS 
H04114498       4249410844534002626037SW04050004280            760              
N04114498       LOOKING GLASS RIVER NEAR EAGLE, MI
Y04114498       
304114498       19450523    920                4.703                   
304114498       19460306   1700                5.9023                   
304114498       19470405   2860                7.703                   
304114498       19480319   2300                6.903                   
304114498       19490215   1080                4.9523                   
304114498       19500404   2020                6.5423                   
304114498       19510221   16002                   23                   
304114498       19520414   1180                5.113                   
304114498       19530503    357                3.0423                   
304114498       19540325    935                4.6523                   
304114498       19550304    790                4.3523                   
304114498       19560510   1700                5.9523                   
304114498       19570712   1340                5.403                   
304114498       19580301    6002                   23                   
304114498       19590316   11002               5.2013                   
304114498       19600330   1260                5.273                   
304114498       19610425    750                4.253                   
304114498       19620320   11002                   23                   
304114498       19630320    650                4.2013                   
304114498       19640516    236                2.643                   
304114498       19650210   1680                6.0323                   
304114498       19660322    484                3.6223                   
304114498       19670403   1350                5.483                   
304114498       19680624    965                4.7723                   
304114498       19690509   1120                5.093                   
304114498       19700408    740                4.293                   
304114498       19710222   18002               7.4813                   
304114498       19720417   1770                6.173                   
304114498       19721231   1610                5.913                   
304114498       19740309   1420                5.5623                   
304114498       19750419   1640                5.963                   
304114498       19760305   2190                6.773                   
304114498       19770403    430                3.4323                   
304114498       19780401   1250                5.323                   
304114498       19790304   2240                6.843                   
304114498       19800317    580                4.3913                   
304114498       19810219   1500                6.4713                   
304114498       19820313   20001               8.4313                   
304114498       19830502   1380                5.513                   
304114498       19840213    6402                   3                   
304114498       19850224   2200                7.2613                   
304114498       19860310   1830                6.263                   
304114498       19861004   1060                4.903                   
304114498       19880406   1500                5.723                   
304114498       19890531   1410                5.573                   
304114498       19900311    998                4.763                   
304114498       19901128   1620                5.933                   
304114498       19920425    952                4.663                   
304114498       19930420   2040                6.633                   
304114498       19940220   17001                   3                   
304114498       19950312   1000                4.7723                   
304114498       19960619   1630                5.943                   
304114498       20020309    908                5.226                   
304114498       20030405    875                5.062                   
304114498       20040524   2120                8.24                    
304114498       20050113   1440                6.92                    
304114498       20060313    815                5.47                    
304114498       20070322    929                5.76                    
304114498       20080914    925                5.75                    
304114498       20090620   1580                7.142                   
304114498       20100406    781                5.312                   
304114498       20110530   1560                7.09                    
304114498       20120512   1130                6.17                    
304114498       20130419   1970                7.89                    
