Z04154500                       USGS 
H04154500       4335400842210002626111SW04080202597            612.35           
N04154500       CHIPPEWA RIVER AT MERIDIAN ROAD NEAR MIDLAND, MI
Y04154500       
304154500       190403    160007B             15.65                    
304154500       19480320   8510                9.852                   
304154500       19490226   2700                6.661                   
304154500       19500328   5100                    2                   
304154500       19510426   2580                4.772                   
304154500       19511114   3960                5.99                    
304154500       19530222   3600                9.121                   
304154500       19540428   2710                4.892                   
304154500       19550311   3820                5.90                    
304154500       19560507   4080                6.10                    
304154500       19570709   4700                6.892                   
304154500       19571120   1570                3.862                   
304154500       19590403   5990                7.712                   
304154500       19600331   6030                7.74                    
304154500       19610325   20001                                       
304154500       19620325   2890                5.232                   
304154500       19630501   1890                4.082                   
304154500       19640502   1210                3.37                    
304154500       19650412   4960                7.362                   
304154500       19660212   3380                5.78                    
304154500       19670418   3520                5.542                   
304154500       19680529   3540                5.562                   
304154500       19690419   3350                5.40                    
304154500       19700409   2210                4.452                   
304154500       19710402   2340                4.462                   
304154500       19720828   3570                5.662                   
304154500       19730529   33202                                       
304154500       19740519   4540                6.40                    
304154500       19750902   6960                8.53                    
304154500       19760322   7320                8.83                    
304154500       19770314   3320                5.35                    
304154500       19780408   3990                5.96                    
