Z04099000                       USGS 
H04099000       4148030854522002626149SW040500011866           755.3            
N04099000       ST. JOSEPH RIVER AT MOTTVILLE, MI
Y04099000       
304099000       19240331   4960                2.803                   
304099000       19250323   4170                2.303                   
304099000       19260420   8250                4.403                   
304099000       19270423   5040                2.703                   
304099000       19271214   6690                3.603                   
304099000       19290505   6310                3.403                   
304099000       19300224   6020                                        
304099000       19310608   2420                0.903                   
304099000       19320331   4250                2.003                   
304099000       19321227   4700                2.403                   
304099000       19340409   4400                2.003                   
304099000       19350530   3950                1.903                   
304099000       19360309   4550                2.303                   
304099000       19370628   73001                                       
304099000       19380531   5180                2.943                   
304099000       19390317   5180                2.923                   
304099000       19400903   3220                1.803                   
304099000       19410424   2960                1.933                   
304099000       19420320   5480                3.243                   
304099000       19430524   7490                4.693                   
304099000       19440320   5160                3.003                   
304099000       19450521   4780                3.103                   
304099000       19460309   3480                2.133                   
304099000       19470409   8480                5.343                   
304099000       19480324   8050                5.093                   
304099000       19490217   43001                                       
304099000       19500427  10700                6.563                   
304099000       19510225   4280                2.803                   
304099000       19520528   5470                7.146                   
304099000       19530512   2540                4.582                   
304099000       19540329   4130                6.11                    
304099000       19550307   3410                5.52                    
304099000       19560512   5300                6.99                    
304099000       19570501   33002                                       
304099000       19580305   3050                5.13                    
304099000       19590406   4630                6.50                    
304099000       19600403   4600                6.48                    
304099000       19610318   5680                7.27                    
304099000       19620324   5120                6.87                    
304099000       19630330   4110                6.08                    
304099000       19631216   2550                4.55                    
304099000       19650409   3840                5.88                    
304099000       19660518   4190                6.20                    
304099000       19670407   4420                6.40                    
304099000       19680205   5940                7.60                    
304099000       19690201   6500                8.00                    
304099000       19700731   4040                6.06                    
304099000       19710222   46002               7.721                   
304099000       19720419   4060                6.08                    
304099000       19730105   5270                6.85                    
304099000       19740310   6640                7.87                    
304099000       19750922   4970                6.61                    
304099000       19760308   7320                8.28                    
304099000       19770331   3580                5.33                    
304099000       19780329   5380                6.95                    
304099000       19790309   5310                6.90                    
304099000       19800611   5660                7.17                    
304099000       19810224   4920                6.56                    
304099000       19820321  10100                9.81                    
304099000       19830511   5430                6.99                    
304099000       19840321   42305               5.942                   
304099000       19850228   96805               9.57                    
304099000       19860717   47005               6.36                    
304099000       19861005   54305               6.99                    
304099000       19880409   42005               5.91                    
304099000       19890604  114005              10.41                    
304099000       19900314   59005               7.35                    
304099000       19910103   59905               7.42                    
304099000       19911028   40505               5.77                    
304099000       19930108   65805               7.83                    
304099000       19931024   42805               5.98                    
304099000       19950607   39905               5.72                    
304099000       19960624   41905               5.90                    
304099000       19970301   54505               7.01                    
304099000       19980112   55305               7.07                    
304099000       19990426   47605               6.42                    
304099000       20000628   42705               5.97                    
304099000       20010215   63205               7.58                    
304099000       20020515   51305               6.98                    
304099000       20030408   32505               5.02                    
304099000       20040618   46105               6.46                    
304099000       20050219   58806               7.16                    
304099000       20060316   37405               5.54                    
304099000       20070108   46405               6.26                    
304099000       20080112   81105               8.59                    
304099000       20090313   80905               8.58                    
304099000       20100526   40305               5.78                    
304099000       20110601   53105               6.76                    
304099000       20111205   48405               6.41                    
304099000       20130423   65305               7.61                    
