Z04166100                       USGS 
H04166100       4226510831751002626125SW0409000487.9           609.62           
N04166100       RIVER ROUGE AT SOUTHFIELD, MI
Y04166100       
304166100       19590306   1200               11.90                    
304166100       19600617   1140               11.61                    
304166100       19610425    787                9.68                    
304166100       19620312   12002              12.571                   
304166100       19630510    569                8.90                    
304166100       19640429    447                7.79                    
304166100       19650210   2030               12.35                    
304166100       19651225   1250               11.02                    
304166100       19670608    641                9.33                    
304166100       19680626   4900               19.04                    
304166100       19690130   1360               11.61                    
304166100       19700304    570               10.421                   
304166100       19710220    800               11.191                   
304166100       19720314   1420               11.77                    
304166100       19730627   1530               12.17                    
304166100       19740404   1350               11.182                   
304166100       19750419   1790               12.80                    
304166100       19760507   1470               12.54                    
304166100       19770403   1440               11.73                    
304166100       19780322    912                9.91                    
304166100       19790414   1640               12.24                    
304166100       19800404   1140               10.74                    
304166100       19810219    600               10.761                   
304166100       19811001   4400               18.20                    
304166100       19830502   1900               13.06                    
304166100       19840316   1400               11.71                    
304166100       19850224   1830               12.83                    
304166100       19860923   1180               10.99                    
304166100       19861003    984               10.32                    
304166100       19871215   1320               11.41                    
304166100       19890621   2740               15.09                    
304166100       19900222   1800               12.91                    
304166100       19910526   2000               13.23                    
304166100       19920715    742               10.94                    
304166100       19930104   1460               11.84                    
304166100       19940321   1290               11.33                    
304166100       19950803   1180               10.99                    
304166100       19960619   2250               13.89                    
304166100       19970703   1550               12.36                    
304166100       19980806   2430               13.95                    
304166100       19990423   1400               11.96                    
304166100       20000625   1520               12.46                    
304166100       20010210   1970               13.52                    
304166100       20011016   1610               12.43                    
304166100       20030405    965               10.93                    
304166100       20040524    878               10.94                    
304166100       20050216    965               11.65                    
304166100       20060217    981               11.70                    
304166100       20070302   1100               12.03                    
304166100       20080915   1700               13.36                    
304166100       20090309   1420               12.31                    
304166100       20100606   1530               12.56                    
304166100       20110526   2410               14.16                    
304166100       20111129   1620               12.72                    
304166100       20130831   1400               12.29                    
