Z04049500                       USGS 
H04049500       4614000855540002626153SW04060106341            662.4            
N04049500       MANISTIQUE RIVER AT GERMFASK, MI
Y04049500       
304049500       19380401   2130                8.50                    
304049500       19390426   1910                7.85                    
304049500       19400425   1200                5.33                    
304049500       19410418    868                4.112                   
304049500       19420406   1110                4.962                   
304049500       19430625   1480                6.29                    
304049500       19440426   1000                4.62                    
304049500       19450328   1370                5.89                    
304049500       19460320   1060                4.852                   
304049500       19470412   1170                5.15                    
304049500       19480413    916                4.32                    
304049500       19490408    916                4.262                   
304049500       19500426   1510                6.37                    
304049500       19510411   1560                6.60                    
304049500       19520419   1170                5.18                    
304049500       19530413   1110                5.03                    
304049500       19540429   1310                5.68                    
304049500       19550414   1110                4.83                    
304049500       19560412   1020                4.53                    
304049500       19570422   1740                6.94                    
304049500       19571120    861                3.902                   
304049500       19590419   1240                5.27                    
304049500       19600510   2250                8.64                    
304049500       19610417    902                4.052                   
304049500       19620429   1160                4.982                   
304049500       19630404   1070                4.58                    
304049500       19640417   1090                4.67                    
304049500       19650510   1220                5.282                   
304049500       19660324   1150                4.882                   
304049500       19670418   1340                5.682                   
304049500       19680401   1190                5.172                   
304049500       19690416   1540                6.35                    
304049500       19700925   1120                4.922                   
304049500       19710418   1790                7.18                    
304049500       19720430   1720                6.94                    
304049500       19730318   1120                4.93                    
304049500       19740421   1290                5.50                    
304049500       19750427   1230                5.30                    
304049500       19760408   1400                5.88                    
304049500       19770416   1500                6.21                    
304049500       19780515   1400                5.88                    
304049500       19790418   1540                6.32                    
304049500       19800409   1290                5.51                    
304049500       19810405   1220                5.25                    
304049500       19820427   1500                6.19                    
