Z04128990                       USGS 
H04128990       4509220842803002626137SW0407000457.7           909.03           
N04128990       PIGEON RIVER NEAR VANDERBILT, MI
Y04128990       
304128990       19510704    3455               4.41                    
304128990       19511114    3455               4.42                    
304128990       19530324    2705               4.08                    
304128990       19540408    3455               4.42                    
304128990       19541018    2705               4.10                    
304128990       19560404    3455               4.43                    
304128990       19570515   150035              6.80                    
304128990       19571115    1745               3.33                    
304128990       19590419    5305               5.36                    
304128990       19600417    6025               5.18                    
304128990       19610915   11405               6.23                    
304128990       19620503    4245               4.61                    
304128990       19630508    8045               5.52                    
304128990       19631124    2505               3.97                    
304128990       19650412    6525               5.18                    
304128990       19660422    3525               4.42                    
304128990       19661128    7205               5.35                    
304128990       19671102    2305               3.97                    
304128990       19690729    6505               5.90                    
304128990       19700925    3745               4.92                    
304128990       19710723    3965               4.95                    
304128990       19720930    5385               5.56                    
304128990       19730923    3365               4.66                    
304128990       19740704    5325               5.54                    
304128990       19750720    4545               5.12                    
304128990       19760531    4425               5.06                    
304128990       19770330    3785               4.74                    
304128990       19780909    3505               4.60                    
304128990       19790427    5185               5.41                    
304128990       19800409    3605               4.65                    
304128990       19810404    3945               4.835                   
304128990       19820417    4255               4.99                    
304128990       19830508    5455               5.53                    
304128990       19840903    4485               5.19                    
304128990       19841229    3755               4.87                    
304128990       19860912    4185               5.10                    
304128990       19861004    4545               5.13                    
304128990       19880404    3805               4.91                    
304128990       19881107    3795               4.83                    
304128990       19900317    4795               5.27                    
304128990       19910328    4315               4.39                    
304128990       19920422    4995               4.56                    
304128990       19930915    5795               4.68                    
304128990       19940705    6005               4.84                    
304128990       19950818    8895               6.49                    
304128990       19960420    3445               3.94                    
304128990       19970501    3935               4.35                    
304128990       19980401    5075               4.77                    
304128990       19990614    3835               4.31                    
304128990       20000911    4115               4.42                    
304128990       20010412    4985               4.49                    
304128990       20020531    3985               4.02                    
304128990       20030415    3425               3.76                    
304128990       20040524    4385               4.21                    
304128990       20050821    5005               4.49                    
304128990       20060403    4775               4.52                    
304128990       20070323    5445               4.70                    
304128990       20080409    4425               4.34                    
304128990       20081228    2835               3.63                    
304128990       20100924    4495               4.43                    
304128990       20110428    5685               4.82                    
304128990       20120421    2635               3.60                    
304128990       20130419    3065               3.742                   
