Z04096900                       USGS 
H04096900       4203200851830002626149SW04050001162            850              
N04096900       NOTTAWA CREEK NEAR ATHENS, MI
Y04096900       
304096900       19670406    392                3.42                    
304096900       19680203    546                4.66                    
304096900       19690202    544                4.33                    
304096900       19700527    398                3.65                    
304096900       19710222    554                4.50                    
304096900       19720419    414                3.40                    
304096900       19730531    506                4.072                   
304096900       19740310    596                4.57                    
304096900       19750226    418                3.55                    
304096900       19760306    808                4.46                    
304096900       19770330    343                2.80                    
304096900       19780629   1120                6.47                    
304096900       19790306    652                4.17                    
304096900       19800321    442                3.452                   
304096900       19810221    557                4.12                    
304096900       19820318    900                5.02                    
304096900       19830503    568                3.91                    
304096900       19840215    430                3.20                    
304096900       19850226   1340                6.03                    
304096900       19860718    678                4.771                   
304096900       19861005    841                4.67                    
304096900       19880408    598                3.79                    
304096900       19890602   2190                7.85                    
304096900       19900313    743                4.36                    
304096900       19910101    6902               4.601                   
304096900       19911028    341                3.35                    
304096900       19930106    660                4.63                    
304096900       19931019    431                4.03                    
304096900       19950820    598                5.12                    
304096900       19951113    387                3.42                    
304096900       19970223    569                4.26                    
