Z04096600                       USGS 
H04096600       4201450850623002626023SW04050001293            900              
N04096600       COLDWATER RIVER NEAR HODUNK, MI
Y04096600       
304096600       19630319    520                4.78                    
304096600       19640403    237                3.53                    
304096600       19650413    830                6.12                    
304096600       19651227    979                6.26                    
304096600       19670404   1300                6.45                    
304096600       19680204   1420                7.30                    
304096600       19690130   1320                7.11                    
304096600       19700404    836                6.06                    
304096600       19710221   1060                6.96                    
304096600       19720418    696                5.83                    
304096600       19730101   1060                6.882                   
304096600       19740308   1620                7.69                    
304096600       19750226    900                5.82                    
304096600       19760306   1860                8.18                    
304096600       19770330    629                5.03                    
304096600       19780628   1930                7.77                    
304096600       19790306   1240                6.40                    
304096600       19800609   1600                7.26                    
304096600       19810730   1740                7.38                    
304096600       19820318   2260                8.25                    
304096600       19830503   1530                7.04                    
304096600       19840317    985                6.012                   
304096600       19850226   2280                8.40                    
304096600       19860314   1010                5.90                    
304096600       19861005   1060                6.17                    
304096600       19880408   1060                6.16                    
304096600       19890602   2800                9.17                    
