Z04114000                       USGS 
H04114000       4251230845444002626067SW040500041385           704.52           
N04114000       GRAND RIVER AT PORTLAND, MI
Y04114000       
304114000       19530609   3040                8.00                    
304114000       19540218   5350                9.69                    
304114000       19550304   4370                8.982                   
304114000       19560513   9100               11.51                    
304114000       19570521   5370                9.65                    
304114000       19580301   2810                7.812                   
304114000       19590308   5260                9.58                    
304114000       19600331   8710               11.56                    
304114000       19610427   4600                9.15                    
304114000       19620321   5480                9.74                    
304114000       19630320   3470                8.34                    
304114000       19640509   1580                6.60                    
304114000       19650307   5510                9.76                    
304114000       19660324   3120                8.072                   
304114000       19670315   4460                9.062                   
304114000       19680630   7840               11.57                    
304114000       19690201   5090                9.482                   
304114000       19700409   5120                9.50                    
304114000       19710222   6110               10.15                    
304114000       19720417   5680                9.87                    
304114000       19730101   6940               10.62                    
304114000       19740311   7490               10.93                    
304114000       19750421  12400               12.98                    
304114000       19760305   7960               11.19                    
304114000       19770407   2980                7.96                    
304114000       19780325   5210                9.68                    
304114000       19790307   6030               10.10                    
304114000       19800820   3500                8.272                   
304114000       19810221   6740               10.51                    
304114000       19890601   7580               10.83                    
304114000       19900313   6210               10.10                    
304114000       19901129   5000                9.382                   
304114000       19920427   4600                9.13                    
304114000       19930420   8270               11.17                    
304114000       19940222   5300                9.572                   
304114000       19950314   4950                9.35                    
304114000       19960619   6780               10.41                    
304114000       19970222   6050               10.012                   
304114000       19980311   5390                9.66                    
304114000       19990424   6810               10.49                    
304114000       20000923   4820                9.64                    
304114000       20010211   8120               11.12                    
304114000       20020310   3890                8.69                    
304114000       20030405   3980                8.75                    
304114000       20040524  11800               12.84                    
304114000       20050113   8260               11.19                    
304114000       20060314   5140                9.51                    
304114000       20070108   4090                9.002                   
304114000       20080915   8050               11.51                    
304114000       20090312   7590               10.862                   
304114000       20100314   5170                9.53                    
304114000       20110530   8010               11.07                    
304114000       20120303   4400                9.042                   
304114000       20130419   7290               10.842                   
