Z04036000                       USGS 
H04036000       4635150893230002626131SW04020102162            1290.81          
N04036000       WEST BRANCH ONTONAGON RIVER NEAR BERGLAND, MI
Y04036000       
304036000       19430506   11006               5.41                    
304036000       19440503    9406               4.98                    
304036000       19450328    8406               4.77                    
304036000       19460627   10806               5.28                    
304036000       19470501   10406               5.17                    
304036000       19480520    3666               3.42                    
304036000       19490707    7006               4.34                    
304036000       19500512   12206               5.59                    
304036000       19510502   12706               5.73                    
304036000       19520725   12506               5.42                    
304036000       19530620   12206               5.35                    
304036000       19540503   13006               5.53                    
304036000       19550420    9806               5.07                    
304036000       19560518    7006               4.35                    
304036000       19570424    9686               5.02                    
304036000       19580417    4366               3.63                    
304036000       19590723    6286               4.17                    
304036000       19600426   14006               5.98                    
304036000       19610517    7926               4.58                    
304036000       19620514    8246               4.66                    
304036000       19630410    4676               3.72                    
304036000       19640511    9326               4.93                    
304036000       19650511   10506               5.22                    
304036000       19660428    8246               4.66                    
304036000       19670421   10206               5.15                    
304036000       19680528    8086               4.62                    
304036000       19690419    8046               4.61                    
304036000       19700525    8846               4.81                    
304036000       19710423   11506               5.38                    
304036000       19720818   10806               5.28                    
304036000       19730511    9366               4.94                    
304036000       19740611    9606               5.00                    
304036000       19750501    8766               4.79                    
304036000       19760418   10006               5.10                    
304036000       19770909    7526               4.48                    
304036000       19780601    9966               5.09                    
304036000       19790427    9086               4.87                    
304036000       19791102    6046               4.11                    
304036000       19810506    9046               4.81                    
304036000       19820426    9806               5.00                    
304036000       19830622    7646               4.46                    
304036000       19840511    9406               4.90                    
304036000       19850422   10006               5.05                    
304036000       19851008   10206               5.10                    
304036000       19861031    3686               3.43                    
304036000       19880413    6726               4.23                    
304036000       19881117    7926               4.53                    
304036000       19900626    4876               3.77                    
304036000       19910529    7916               4.53                    
304036000       19920704    9746               4.99                    
304036000       19930429    6036               4.06                    
304036000       19940712    5066               3.82                    
304036000       19950530    5386               3.90                    
304036000       19960509   11906               5.51                    
304036000       19970429    7446               4.41                    
304036000       19980402    6716               4.27                    
304036000       19990410    6946               4.30                    
304036000       20000707    8026               4.57                    
304036000       20010426    9896               5.04                    
304036000       20020419   17006               6.06                    
304036000       20030514   12406               5.43                    
304036000       20040423    8486               4.71                    
304036000       20050411    5556               4.08                    
304036000       20060515    7796               4.56                    
304036000       20070405    4896               3.90                    
304036000       20080426    8896               4.82                    
304036000       20090507    44426              3.84                    
304036000       20100927    5296               4.01                    
304036000       20110430    7796               4.60                    
304036000       20120327    4476               3.78                    
304036000       20130508   12106               5.372                   
