Z04042500                       USGS 
H04042500       4650090883812002626013SW04020104162            631.02           
N04042500       OTTER RIVER NR ELO, MI
Y04042500       
304042500       19430424   3490               12.273                   
304042500       19440424   4300               13.303                   
304042500       19450327   2840               11.853                   
304042500       19460322   1340                8.923                   
304042500       19470430   2710               11.473                   
304042500       19480420   2030               10.763                   
304042500       19490506   1870               10.353                   
304042500       19500510   4340               13.303                   
304042500       19510429   4040               12.983                   
304042500       19520419   4540               13.523                   
304042500       19530701   4040               13.013                   
304042500       19540427   4340               13.333                   
304042500       19550803   2480               11.333                   
304042500       19560412   1320                8.563                   
304042500       19570421   4030               13.013                   
304042500       19580416   1520                9.183                   
304042500       19590418   1920               10.113                   
304042500       19600424   3160               12.083                   
304042500       19610516   2830               11.673                   
304042500       19620422   1450                8.963                   
304042500       19630402   2810                8.686                   
304042500       19640523   3540                9.90                    
304042500       19650430   2770                8.61                    
304042500       19660425   1890                6.88                    
304042500       19670418   3430                9.71                    
304042500       19680319   2270                7.74                    
304042500       19690415   2770                8.61                    
304042500       19700510   2140                7.18                    
304042500       19710418   3250                9.42                    
304042500       19720502   3870               10.43                    
304042500       19730510   2730                8.55                    
304042500       19740422   3520                9.87                    
304042500       19750424   1910                6.78                    
304042500       19760417   3240                9.40                    
304042500       19770416   2170                7.37                    
304042500       19780912   2050                7.10                    
304042500       19790426   3420                9.70                    
