Z04149000                       USGS 
H04149000       4318300835713002626145SW040802041153           600              
N04149000       FLINT RIVER NEAR FOSTERS, MI
Y04149000       
304149000       19400330   5100               17.641                   
304149000       19410103   4260               15.56                    
304149000       19420317  112002                                       
304149000       19430603  100002                                       
304149000       19440227   5300               17.23                    
304149000       19450518   7400               16.70                    
304149000       19460306   8400               16.96                    
304149000       19470407  19000               17.97                    
304149000       19480320  11500               17.60                    
304149000       19490216   5500               17.13                    
304149000       19500404   81002                                       
304149000       19510220   6000               17.60                    
304149000       19520415   5340               17.00                    
304149000       19530304   3940               15.00                    
304149000       19540217   6080               17.70                    
304149000       19550304   4270               15.60                    
304149000       19560513   97002                                       
304149000       19570709   5400               17.00                    
304149000       19571221   2520               11.902                   
304149000       19590404   67002              17.10                    
304149000       19600331   9200               17.92                    
304149000       19610426   4000               15.40                    
304149000       19620313   76002              18.501                   
304149000       19630320   2290               11.40                    
304149000       19640404   1260                8.60                    
304149000       19650412   5980               16.502                   
304149000       19660303   2720               12.702                   
304149000       19670418   7650               17.40                    
304149000       19680202  11500               18.60                    
304149000       19690510   9510               18.06                    
304149000       19700422   2430                9.8826                   
304149000       19710315   6400               14.712                   
304149000       19720417   6750               15.00                    
304149000       19721231   97002                                       
304149000       19740517   6500               15.442                   
304149000       19750419   9100               15.80                    
304149000       19760308   90001                                       
304149000       19770405   2750                9.96                    
304149000       19780324   67002                                       
304149000       19790305   6540               16.42                    
304149000       19800415   3640               11.80                    
304149000       19810512   6360               16.16                    
304149000       19811001   93501              16.16                    
304149000       19830503   5360               14.68                    
304149000       19840322   5020               13.86                    
304149000       19880407   4320               12.80                    
304149000       19890601   3300               11.04                    
304149000       19900313   4890               13.95                    
304149000       19910410   5020               13.752                   
304149000       19920426   66002                                       
304149000       20020310   4620               15.866                   
304149000       20030317   30002                                       
304149000       20040524  12200               21.59                    
304149000       20050114   482012             17.971                   
304149000       20060314   8060               19.18                    
304149000       20061202   6190               17.81                    
304149000       20080915   7340               18.68                    
304149000       20090214   691012             20.1812                   
304149000       20100514   6090               17.69                    
304149000       20110520  10100               20.45                    
