Z04160600                       USGS 
H04160600       4254030824609002626147SW04090001151            705.29           
N04160600       BELLE RIVER AT MEMPHIS, MI
Y04160600       
304160600       19630510    541                4.90                    
304160600       19640722    110                2.43                    
304160600       19650210   1750                8.871                   
304160600       19660323    882                5.67                    
304160600       19670417   2200                7.82                    
304160600       19680202   4070                8.492                   
304160600       19690510   1410                7.05                    
304160600       19700405    780                5.40                    
304160600       19710315   1230                6.712                   
304160600       19720417   1600                7.31                    
304160600       19721231   3020                8.12                    
304160600       19740305   2910                7.90                    
304160600       19750419   4520                8.96                    
304160600       19760219   1790                7.32                    
304160600       19770306    435                3.94                    
304160600       19780323   2260                7.81                    
304160600       19790414   1070                6.07                    
304160600       19800404   1250                6.49                    
304160600       19810219   1570                7.04                    
304160600       19820314   2250                7.80                    
304160600       19830502   1270                6.51                    
304160600       19840321   1510                6.93                    
304160600       19850224   2700                8.271                   
304160600       19860311   2250                7.80                    
304160600       19870406   1090                6.11                    
304160600       19871221    962                5.75                    
304160600       19890609   1460                6.855                   
304160600       19900311   1090                6.22                    
304160600       19910527   1000                5.86                    
304160600       19920417    962                5.62                    
304160600       19930328   1340                6.56                    
304160600       19940220   2520                8.01                    
304160600       19950312    903                5.38                    
304160600       19960622   1800                7.34                    
304160600       19970330   1770                7.31                    
304160600       19980218   1600                7.08                    
304160600       19990424   1150                5.90                    
304160600       20000924   1360                6.54                    
304160600       20010210   4100                8.98                    
304160600       20011017   1300                6.31                    
304160600       20030405    749                4.732                   
304160600       20040523   3110                8.72                    
304160600       20050113   1760                6.70                    
304160600       20060314   1670                6.40                    
304160600       20061202   1560                6.21                    
304160600       20080109   1570                6.38                    
304160600       20090426   1940                7.01                    
304160600       20100407   1030                5.12                    
304160600       20110428   2090                7.25                    
304160600       20111130   1260                5.74                    
304160600       20130412   2270                7.49                    
