Z04058200                       USGS 
H04058200       4624400873727002626103SW0403011023.6           1268.28          
N04058200       SCHWEITZER CREEK NEAR PALMER, MI
Y04058200       
304058200       19610417    2756               4.38                    
304058200       19620423    1456               3.55                    
304058200       19630620   46.06               2.36                    
304058200       19640414    2776               4.76                    
304058200       19650508    2756               4.79                    
304058200       19660421    2856               4.82                    
304058200       19670418    2006               4.45                    
304058200       19680910    2556               4.70                    
304058200       19690417    2536               4.69                    
304058200       19700531    8606               6.50                    
304058200       19710418    2536               4.69                    
304058200       19720502    3236               4.96                    
304058200       19730503    2706               4.76                    
304058200       19740616    1696               4.31                    
304058200       19750422    2656               4.74                    
304058200       19760415    14516                                      
304058200       19770925   62.06               3.74                    
304058200       19780911    6356               5.90                    
304058200       19790422    2926               4.85                    
304058200       19791024    1276               4.12                    
304058200       19810404    1176               4.07                    
304058200       19820425    2486               4.79                    
304058200       19830530    2956               4.86                    
304058200       19840414    17916                                      
304058200       19850420    7516               6.44                    
304058200       19851005    3356               5.10                    
304058200       19861015   46.06               3.61                    
304058200       19880407    2756               4.78                    
304058200       19890609    2186               4.72                    
304058200       19900517    1356               4.13                    
304058200       19901018    1166               4.05                    
304058200       19920422    1406               4.24                    
304058200       19930505    1186               4.13                    
304058200       19940416    1406               4.24                    
304058200       19950529   59.06               3.72                    
304058200       19960426    2516               4.82                    
304058200       19970607    3126               5.07                    
304058200       19980331    1766               4.43                    
304058200       19990409     946               3.95                    
304058200       20000404     2226                                      
304058200       20010413    1506               4.34                    
304058200       20020417    5176               5.85                    
304058200       20030513    1696               4.48                    
304058200       20040420    1846               4.41                    
304058200       20050407    1736               4.31                    
304058200       20060513    1376               4.14                    
304058200       20070328     676               3.78                    
304058200       20080422    2296               4.68                    
304058200       20090428   33.06               3.54                    
304058200       20100923     136               3.152                   
304058200       20110427     766               3.92                    
304058200       20120520     106               3.02                    
304058200       20130501    4066               5.27                    
