Z04106320                       USGS 
H04106320       4214070853854002626077SW0405000313.0           868.86           
N04106320       WEST FORK PORTAGE CREEK NEAR OSHTEMO, MI
Y04106320       
304106320       19730531   19.0                1.90                    
304106320       19740517     14                1.742                   
304106320       19750831   26.0                2.15                    
304106320       19760426   17.0                1.76                    
304106320       19770224   12.0                1.69                    
304106320       19780627   19.0                1.94                    
304106320       19790820   13.0                1.73                    
304106320       19791225   14.0                1.77                    
304106320       19810424   10.0                1.53                    
304106320       19820718   13.0                1.73                    
304106320       19821205   13.0                1.72                    
304106320       19840316   10.0                1.60                    
304106320       19850224   15.0                1.70                    
304106320       19851119   20.0                1.90                    
304106320       19861003   15.0                1.71                    
304106320       19880922   12.0                1.60                    
304106320       19890601   17.0                1.75                    
304106320       19891116   12.0                1.58                    
304106320       19901128   16.0                1.682                   
304106320       19911130   16.01                                       
304106320       19921205   36.0                2.47                    
304106320       19931018   16.0                1.76                    
304106320       19941028   36.0                2.42                    
304106320       19951111   13.0                1.61                    
304106320       19970524     22                1.94                    
304106320       19980627     16                1.72                    
304106320       19990423     16                1.73                    
304106320       20000519    9.2                1.42                    
304106320       20010825    9.5                1.44                    
304106320       20020309     11                1.52                    
304106320       20030405    8.8                1.50                    
304106320       20040612    8.5                1.45                    
304106320       20050113     15                1.67                    
304106320       20060313     12                1.60                    
304106320       20070823     12                1.542                   
304106320       20080915   26.0                2.17                    
