Z04159900                       USGS 
H04159900       4303160824405002626147SW04090001169            711.31           
N04159900       MILL CREEK NEAR AVOCA, MI
Y04159900       
304159900       19640408   69.0                1.66                    
304159900       19650408   2200                7.202                   
304159900       19660323    764                4.842                   
304159900       19670327   2370                7.36                    
304159900       19680202   3540                8.112                   
304159900       19690510   1740                6.81                    
304159900       19700406    880                5.37                    
304159900       19710315   1780                6.942                   
304159900       19720417   1560                6.55                    
304159900       19721231   3880                8.28                    
304159900       19740517   2210                7.512                   
304159900       19750419   4570                8.87                    
304159900       19760305   2150                7.72                    
304159900       19770926    620                4.70                    
304159900       19780323   2140                7.842                   
304159900       19790415   1240                6.582                   
304159900       19871221   10702                                       
304159900       19890623    655                5.00                    
304159900       19900312    986                6.04                    
304159900       19910328    902                5.82                    
304159900       19920417   1000                5.98                    
304159900       19930329   1380                6.91                    
304159900       19940221   1060                6.14                    
304159900       19950309    904                5.69                    
304159900       19960622   3700                8.83                    
304159900       19970221   2910                8.32                    
304159900       19980319   1320                6.79                    
304159900       19990424    562                4.53                    
304159900       20000519   1040                6.09                    
304159900       20010210   190012              9.331                   
304159900       20011016   1310                6.78                    
304159900       20030318    60012                                      
304159900       20040524   2420                7.95                    
304159900       20050114   1340                6.83                    
304159900       20060313   2230                7.79                    
304159900       20070313   1350                6.85                    
304159900       20080109   1180                6.47                    
304159900       20090212   34802               9.041                   
304159900       20100508   1070                5.99                    
304159900       20110429   1710                7.43                    
304159900       20111130    643                4.73                    
304159900       20130412   3020                8.45                    
