Z04133501                       USGS 
H04133501       4507270833808002626007SW04070006586            680              
N04133501       THUNDER BAY RIVER AT HERRON ROAD NEAR BOLTON, MI
Y04133501       
304133501       19460315   30906               8.783                   
304133501       19470412   32506               9.0023                   
304133501       19480323   18906               7.2423                   
304133501       19490329   12206               5.963                   
304133501       19500329   230016                  23                   
304133501       19510401   20006               7.383                   
304133501       19520415   27106               8.273                   
304133501       19530320   18006               6.903                   
304133501       19540409   23006               7.713                   
304133501       19550421   18606               7.023                   
304133501       19560406   21006               7.393                   
304133501       19570524   22406               7.613                   
304133501       19580329    6716               4.7423                   
304133501       19590407   33506               9.123                   
304133501       19600511   28406               8.483                   
304133501       19610328   13206               6.0523                   
304133501       19620331   33006                   23                   
304133501       19630331   329026              9.0923                   
304133501       19640408    8206               5.0923                   
304133501       19650413   40706               9.993                   
304133501       19660315   12206               5.8723                   
304133501       19670401   36006               9.443                   
304133501       19680320   14906               6.3623                   
304133501       19690408   19006               7.0723                   
304133501       19700410   19706               7.193                   
304133501       19710413   37506               9.303                   
304133501       19720416   36206               9.173                   
304133501       19730802   20506               7.323                   
304133501       19740706   32706               9.0323                   
304133501       19750420   24206               8.033                   
304133501       19760326   42906              10.2923                   
304133501       19770316   22506               7.633                   
304133501       19780413   20906               7.383                   
304133501       19790320   20206               7.143                   
304133501       19800409   20906               7.353                   
304133501       20030414    814               12.636                   
304133501       20040526   2530               16.31                    
304133501       20050402   2040               15.46                    
304133501       20060314   2610               16.77                    
304133501       20061215   1300               13.792                   
304133501       20080413   2200               16.232                   
304133501       20090405   2290               16.22                    
304133501       20100409   1200               13.70                    
304133501       20110429   3050               17.69                    
304133501       20120315   2290               16.14                    
304133501       20130420   2790               17.12                    
