Z04112000                       USGS 
H04112000       4240330842150002626065SW040500049.34           861.54           
N04112000       SLOAN CREEK NEAR WILLIAMSTON, MI
Y04112000       
304112000       19550303    186                3.78                    
304112000       19560513    329                4.90                    
304112000       19570711    685                7.35                    
304112000       19571220    101                3.60                    
304112000       19590306    143                3.92                    
304112000       19591006    486                6.19                    
304112000       19610819    238                4.59                    
304112000       19620312    163                4.07                    
304112000       19630610    132                3.84                    
304112000       19640403   19.0                2.73                    
304112000       19650210    297                4.98                    
304112000       19660322    137                3.94                    
304112000       19670313   94.0                3.60                    
304112000       19680625    773                7.84                    
304112000       19690405    186                4.29                    
304112000       19700614    153                4.12                    
304112000       19710219    281                4.94                    
304112000       19720416    290                5.03                    
304112000       19721231    468                6.08                    
304112000       19740305    238                4.68                    
304112000       19750418   1290                9.99                    
304112000       19760305    279                4.93                    
304112000       19770402   73.0                3.42                    
304112000       19780323    158                4.02                    
304112000       19790304    421                5.79                    
304112000       19800317    118                3.79                    
304112000       19810217    208                4.44                    
304112000       19811001    627                7.05                    
304112000       19830502    173                4.36                    
304112000       19840212   56.0                3.39                    
304112000       19850224    474                6.12                    
304112000       19860310    313                5.18                    
304112000       19861003    112                3.89                    
304112000       19880406    178                4.39                    
304112000       19890531    364                5.48                    
304112000       19900310    121                3.96                    
304112000       19901128    152                4.17                    
304112000       19920731    150                4.22                    
304112000       19930420    316                5.07                    
304112000       19940613    474                6.00                    
304112000       19950311    169                4.19                    
304112000       19960618    283                4.90                    
304112000       19970221    158                4.12                    
304112000       19980309    259                4.75                    
304112000       19990423    294                4.97                    
304112000       20000923    127                3.92                    
304112000       20010209    503                6.30                    
304112000       20011016    130                3.94                    
304112000       20030405    144                4.03                    
304112000       20040305    119                3.87                    
304112000       20050113    201                4.39                    
304112000       20060313    198                4.37                    
304112000       20070604    203                4.40                    
304112000       20080914    447                5.96                    
304112000       20090620    317                5.12                    
304112000       20100312    208                4.43                    
304112000       20110428    253                4.71                    
304112000       20111204   81.0                3.54                    
304112000       20130419    360                5.41                    
