Z04148500                       USGS 
H04148500       4302200834618002626049SW04080204956            678.80           
N04148500       FLINT RIVER NEAR FLINT, MI
Y04148500       
304148500       19330401   4740                9.05                    
304148500       19340404   3850                8.13                    
304148500       19350311   5040                9.28                    
304148500       19360226   2250                6.54                    
304148500       19370422   3750                8.072                   
304148500       19380214   6970               11.20                    
304148500       19390220   2180                6.35                    
304148500       19400330   3850                8.17                    
304148500       19410103   2950                7.28                    
304148500       19420317   8700               12.93                    
304148500       19430602   8810               12.95                    
304148500       19440227   4100                8.53                    
304148500       19450518   5940               10.42                    
304148500       19460307   6940               11.36                    
304148500       19470406  14900               16.35                    
304148500       19480320  10100               13.99                    
304148500       19490215   4940                9.37                    
304148500       19500404   6640               11.12                    
304148500       19501203   5140                9.62                    
304148500       19520414   4640                9.14                    
304148500       19530304   3400                7.77                    
304148500       19540216   4940                9.39                    
304148500       19550304   3760                8.16                    
304148500       19560513   8270               12.85                    
304148500       19570520   3960                8.53                    
304148500       19571220   1820                6.10                    
304148500       19590403   5310                9.88                    
304148500       19600401   8800               13.20                    
304148500       19610819   3490                8.31                    
304148500       19620313   6480               11.05                    
304148500       19630319   2460                6.87                    
304148500       19640615   1840                6.12                    
304148500       19650411   5570               10.14                    
304148500       19660324   1950                6.26                    
304148500       19670417   6210               11.19                    
304148500       19680202   7220               12.11                    
304148500       19690509   5180               10.32                    
304148500       19700421   1960                6.52                    
304148500       19710315   4710               10.38                    
304148500       19720416   5240               10.25                    
304148500       19721231   8320               13.14                    
304148500       19740517   7130               12.76                    
304148500       19750419   9730               14.99                    
304148500       19760305   7300               13.06                    
304148500       19770405   2450                7.56                    
304148500       19780329   4320               10.09                    
304148500       19790304   4330                9.82                    
304148500       19800922   3660                9.02                    
304148500       19810219   5040               10.56                    
304148500       19811001   9610               14.97                    
304148500       19830502   4080                9.53                    
304148500       19840321   4280                9.76                    
304148500       19850906  11400               16.95                    
304148500       19860930   8260               14.06                    
304148500       19861014   2960                8.22                    
304148500       19880407   3480                8.87                    
304148500       19890627   3500                8.90                    
304148500       19900312   3540                9.15                    
304148500       19910328   3800                9.28                    
304148500       19920425   5410               11.16                    
304148500       19930420   6220               12.04                    
304148500       19940426   4320                9.91                    
304148500       19950315   3770                9.24                    
304148500       19960624   8250               14.07                    
304148500       19970221   7220               13.20                    
304148500       19980109   4450               10.06                    
304148500       19990423   3870                9.36                    
304148500       20000923   5830               11.62                    
304148500       20010210  10200               15.87                    
304148500       20020221   3150                8.44                    
304148500       20030317   2450                7.46                    
304148500       20040524   8200               14.03                    
304148500       20050922   4870               10.55                    
304148500       20060313   6030               12.01                    
304148500       20061201   4410               10.30                    
304148500       20080914   6760               12.72                    
304148500       20090212   6490               12.46                    
304148500       20100408   3560                9.23                    
304148500       20110519   9070               14.78                    
304148500       20120504   8050               13.90                    
304148500       20130419   7360               13.28                    
