Z04151000                       USGS 
H04151000       4322150833452002626157SW04080205710            612.38           
N04151000       CASS RIVER AT VASSAR, MI
Y04151000       
304151000       19480320  18000               20.80                    
304151000       19490216   4930               11.64                    
304151000       19500328  11300               16.60                    
304151000       19510221   7830               14.09                    
304151000       19520312   6060               12.60                    
304151000       19530503   5150               11.70                    
304151000       19540326   7100               13.54                    
304151000       19550312   4340               10.80                    
304151000       19560308   6620               13.10                    
304151000       19570408   2560                8.40                    
304151000       19580306   1940                7.432                   
304151000       19590404   7400               13.75                    
304151000       19600401  11400               16.70                    
304151000       19610927   1800                7.50                    
304151000       19620320   6480               12.88                    
304151000       19630326   4630               10.92                    
304151000       19640501    498                4.93                    
304151000       19650408   6680               13.08                    
304151000       19660324   3110                8.94                    
304151000       19670329  10800               16.26                    
304151000       19680203   8900               16.981                   
304151000       19690511   6270               12.63                    
304151000       19700711   5590               11.86                    
304151000       19710317   8250               14.42                    
304151000       19720323   7400               13.75                    
304151000       19730403   6780               13.182                   
304151000       19740305   8800               15.74                    
304151000       19750420   7750               14.04                    
304151000       19760306  11900               17.70                    
304151000       19770311   2750                8.23                    
304151000       19780325   6820               13.22                    
304151000       19790415   49402                                       
304151000       19800416   3610                9.39                    
304151000       19810906   8360               14.51                    
304151000       19820316   7920               14.17                    
