Z04096405                       USGS 
H04096405       4206110850448002626025SW04050001206            905              
N04096405       ST. JOSEPH RIVER AT BURLINGTON, MI
Y04096405       
304096405       19630320    358                3.753                   
304096405       19640406    279                3.463                   
304096405       19650418    460                4.323                   
304096405       19651228    4502                   23                   
304096405       19670406    694                4.833                   
304096405       19680205   1000                5.513                   
304096405       19690202    905                5.303                   
304096405       19700408    507                4.383                   
304096405       19710228    725                4.953                   
304096405       19720422    454                4.173                   
304096405       19730101    553                4.483                   
304096405       19740310    910                5.313                   
304096405       19750301    507                4.263                   
304096405       19760306   1030                5.313                   
304096405       19770403    415                4.083                   
304096405       19780627    965                5.203                   
304096405       19790310    760                4.823                   
304096405       19800608    755                4.613                   
304096405       19810224    710                4.6223                   
304096405       19820321   1340                5.783                   
304096405       19830508    700                4.803                   
304096405       19840317    527                4.353                   
304096405       19850227   1220                5.583                   
304096405       19860319    608                4.413                   
304096405       19861004    734                4.783                   
304096405       19880407    536                4.373                   
304096405       19890605   1390                5.823                   
304096405       19900313    9031                                       
304096405       19901231    740                5.233                   
304096405       19920429    260                4.346                   
304096405       19930105    797                6.21                    
304096405       19940222    3902               5.271                   
304096405       19950313    302                4.53                    
304096405       19960516    630                5.72                    
304096405       19970228    779                6.16                    
304096405       19980109    659                5.812                   
304096405       19990424    558                5.472                   
304096405       20000626    681                5.87                    
304096405       20010210    841                6.332                   
304096405       20020518    555                5.47                    
304096405       20030405    372                4.80                    
304096405       20040618    486                5.23                    
304096405       20050114    738                6.042                   
304096405       20060314    494                5.26                    
304096405       20070106    695                5.91                    
304096405       20080916   1130                6.83                    
304096405       20090311    973                6.50                    
304096405       20100523    786                6.08                    
304096405       20110531    705                6.13                    
304096405       20111206    721                6.172                   
304096405       20130424    954                6.51                    
