Z04159500                       USGS 
H04159500       4305320823705002626147SW04090001480            613.75           
N04159500       BLACK RIVER NEAR FARGO, MI
Y04159500       
304159500       19440227   3900               12.201                   
304159500       19450518   6050               10.90                    
304159500       19460305   8480               12.38                    
304159500       19470405  14400               16.06                    
304159500       19480320   9880               13.302                   
304159500       19490216   55001                   2                   
304159500       19500328   9720               13.20                    
304159500       19501204   6210               10.832                   
304159500       19520313   65001                   2                   
304159500       19530805   4150                9.00                    
304159500       19540217   75001              14.691                   
304159500       19541016   5460               10.242                   
304159500       19560507   6980               11.862                   
304159500       19570428   4020                9.342                   
304159500       19571221   1300                5.752                   
304159500       19590403   7210               12.45                    
304159500       19600331  10100               14.24                    
304159500       19610426   1460                6.132                   
304159500       19620313   6700               13.941                   
304159500       19630326   3900                9.452                   
304159500       19640407    460                3.79                    
304159500       19650408   7660               13.242                   
304159500       19660324   2480                7.852                   
304159500       19670330   7580               13.19                    
304159500       19680202  11500               15.09                    
304159500       19690510   4670               10.77                    
304159500       19700409   3290                9.02                    
304159500       19710315   5860               11.922                   
304159500       19720417   3740                9.702                   
304159500       19730101   9060               13.98                    
304159500       19740404   6770               12.52                    
304159500       19750419  11000               14.94                    
304159500       19760306   8360               14.07                    
304159500       19770310   1850                7.252                   
304159500       19780324   7000               14.071                   
304159500       19790414   4340               10.622                   
304159500       19800318   4620               11.022                   
304159500       19810219   5990               12.39                    
304159500       19820316   7470               13.48                    
304159500       19830502   3520                9.67                    
304159500       19840618   5550               11.89                    
304159500       19850406   9220               14.302                   
304159500       19860912   6460               13.41                    
304159500       19861002   5660               12.66                    
304159500       19871221   4160               10.472                   
304159500       19890624   140012                                      
304159500       19900313   4400               10.78                    
304159500       19910527   6910               13.11                    
