Z04116000                       USGS 
H04116000       4258190850409002626067SW040500062840           615.38           
N04116000       GRAND RIVER AT IONIA, MI
Y04116000       
304116000       19490216  13100               19.50                    
304116000       19500329  20700               21.78                    
304116000       19510221  13000               19.931                   
304116000       19520415  14000               19.78                    
304116000       19530317   4360               13.18                    
304116000       19540328   7700               17.01                    
304116000       19550305   77002                   2                   
304116000       19560511  19000               21.87                    
304116000       19570522   9840               18.53                    
304116000       19580302   6100               16.891                   
304116000       19590404  11200               19.64                    
304116000       19600401  21500               23.43                    
304116000       19610428   6840               16.77                    
304116000       19620321  14600               20.67                    
304116000       19630320   5530               14.79                    
304116000       19640515   2980               11.58                    
304116000       19650409  12800               19.962                   
304116000       19660324   5250               14.922                   
304116000       19670328  110002                   2                   
304116000       19680204  13600               20.48                    
304116000       19690201   8200               19.541                   
304116000       19700410   9540               18.24                    
304116000       19710223  130001                   2                   
304116000       19720418  11800               19.58                    
304116000       19730102  15600               21.38                    
304116000       19740306  14800               21.00                    
304116000       19750422  16600               21.03                    
304116000       19760306  20700               23.19                    
304116000       19770401   4540               13.852                   
304116000       19780402  13000               20.45                    
304116000       19790308  11900               19.99                    
304116000       19800410   5170               14.79                    
304116000       19810222  12200               20.14                    
304116000       19820316  18200               22.452                   
304116000       19830504  10500               19.26                    
304116000       19840214   7080               16.85                    
304116000       19850227  20500               23.15                    
304116000       19860315  15700               21.632                   
304116000       19861003  17700               23.01                    
304116000       19880408   9340               18.56                    
304116000       19890602  11000               19.54                    
304116000       19900314  13600               20.79                    
304116000       19901130  12100               20.09                    
304116000       19920427   9140               18.43                    
304116000       19930422  14200               20.60                    
304116000       19940222  112002              20.751                   
304116000       19950315   8840               18.06                    
304116000       19960620  12700               20.47                    
304116000       19970223  17500               22.04                    
304116000       19980321  10200               18.83                    
304116000       19990425  13200               20.29                    
304116000       20000520  15500               21.24                    
304116000       20010212  13900               20.59                    
304116000       20020311   8510               17.87                    
304116000       20030406   5050               14.57                    
304116000       20040525  21300               23.41                    
304116000       20050115  13600               20.46                    
304116000       20060315  10200               18.80                    
304116000       20070314   8940               18.12                    
304116000       20080917   9900               18.65                    
304116000       20081229  17700               22.10                    
304116000       20100315   9900               18.25                    
304116000       20110430  14400               20.71                    
304116000       20120304   8310               17.22                    
304116000       20130420  25100               24.69                    
