Z04035500                       USGS 
H04035500       4641570890936002626131SW04020102671            661.1            
N04035500       MIDDLE BRANCH ONTONAGON RIVER NEAR ROCKLAND, MI
Y04035500       
304035500       19420822  270006              21.20                    
304035500       19430506   75806              11.39                    
304035500       19440605   67806              10.88                    
304035500       19450522   79206              11.60                    
304035500       19460624  115006              13.59                    
304035500       19470406   58506              10.391                   
304035500       19480428   30306               7.90                    
304035500       19490706  110006              13.10                    
304035500       19500506   69206              10.70                    
304035500       19510624  128006              14.00                    
304035500       19520418   75606              11.08                    
304035500       19530804  137006              14.50                    
304035500       19540426  115006              13.40                    
304035500       19541015   87206              11.83                    
304035500       19560404   60206              10.08                    
304035500       19570420   82706              11.60                    
304035500       19580405   32006               8.642                   
304035500       19590927   50506               8.65                    
304035500       19600424  161006              15.44                    
304035500       19610328   52506               8.79                    
304035500       19620422   32206               7.07                    
304035500       19630402   65006               9.67                    
304035500       19640413   95006              12.10                    
304035500       19650508   68006               9.87                    
304035500       19660318   97206              11.76                    
304035500       19670331  110006              12.50                    
304035500       19680319   82606              10.84                    
304035500       19690410   85306              11.02                    
304035500       19700409   61706               9.37                    
304035500       19710412  112006              12.66                    
304035500       19720816  102006              11.79                    
304035500       19730510   83406              10.89                    
304035500       19740610   66806               9.70                    
304035500       19750423   86006              11.00                    
304035500       19760330   58506               9.11                    
304035500       19770329   57106               9.01                    
304035500       19780823   64106               9.44                    
304035500       19790421   67206               9.73                    
304035500       19800714   76806              10.45                    
304035500       19810505   63806               9.04                    
304035500       19820417   96106              11.942                   
304035500       19830307   53806               8.64                    
304035500       19840412   45406               8.05                    
304035500       19850419  110006              12.70                    
304035500       19860401  123006              13.90                    
304035500       19870324   27806               6.632                   
304035500       19880404   69806              10.26                    
304035500       19881116   83506              11.87                    
304035500       19900315   95906              12.29                    
304035500       19910327   44606               8.44                    
304035500       19920702  143006              15.77                    
304035500       19921121   43806               8.66                    
304035500       19940617   71806              11.28                    
304035500       19950314   52406               9.50                    
304035500       19960420   81906              11.46                    
304035500       19970406   84306              12.37                    
304035500       19980328   68706              10.74                    
304035500       19990401   63706              10.05                    
304035500       20000226   47606               8.28                    
304035500       20010408   98706              12.05                    
304035500       20020415  119006              13.77                    
304035500       20030512  1460026             14.61                    
304035500       20040419  133006              13.86                    
304035500       20050406   90806              11.332                   
304035500       20060401   79306              10.57                    
304035500       20070326  1050026             12.24                    
304035500       20080503   85806              11.09                    
