Z04122100                       USGS 
H04122100       4317190861322002626121SW0406010216.7           590.00           
N04122100       BEAR CREEK NEAR MUSKEGON, MI
Y04122100       
304122100       19660210    274                8.43                    
304122100       19670422    198                7.95                    
304122100       19680201    193                7.92                    
304122100       19690626    179                7.81                    
304122100       19700304    177                7.79                    
304122100       19710227    204                7.99                    
304122100       19720826    131                7.29                    
304122100       19721231    262                8.36                    
304122100       19740517    500                9.58                    
304122100       19750831    428                9.46                    
304122100       19760305    930               11.00                    
304122100       19770313    102                6.69                    
304122100       19780819    233               15.11                    
304122100       19790426    151               14.412                   
304122100       19800820    468               16.29                    
304122100       19810219    275               15.32                    
304122100       19811001    410               16.05                    
304122100       19821203    203               14.98                    
304122100       19840214    260               15.23                    
304122100       19850225    186               14.70                    
304122100       19860930    299               15.50                    
304122100       19861004    184               14.70                    
304122100       19880131    148               14.38                    
304122100       19881116    123               14.10                    
304122100       19900510    190               14.58                    
304122100       19910415    257               15.15                    
304122100       19911130    208               14.80                    
304122100       19930420    170               14.49                    
304122100       19940221   75.012             16.192                   
304122100       19950114    145               14.26                    
304122100       19960618   91.0               13.48                    
304122100       19970222    246               14.92                    
304122100       19980401     94               13.55                    
304122100       19990423    172               14.51                    
304122100       20000421    145               14.26                    
304122100       20010412    244               15.002                   
304122100       20020310    104               13.73                    
304122100       20030512     33               11.82                    
304122100       20040305    231               14.99                    
304122100       20050113    109               13.38                    
304122100       20060313    220               14.91                    
304122100       20070314    156               14.09                    
304122100       20080609    214               14.84                    
304122100       20081228    409               16.02                    
304122100       20091031    146               13.94                    
304122100       20110428    103               13.20                    
304122100       20120507   79.0               12.77                    
304122100       20130130    325               15.88                    
