Z04097540                       USGS 
H04097540       4153180852434002626149SW04050001106            850              
N04097540       PRAIRIE RIVER NEAR NOTTAWA, MI
Y04097540       
304097540       19630322    161                3.95                    
304097540       19640407    102                3.28                    
304097540       19650414    284                4.90                    
304097540       19651228    333                5.26                    
304097540       19661210    310                5.06                    
304097540       19680204    467                5.49                    
304097540       19690202    421                5.40                    
304097540       19700423    271                4.78                    
304097540       19710221    245                4.64                    
304097540       19720420    190                4.282                   
304097540       19730103    283                4.842                   
304097540       19740225    454                5.45                    
304097540       19750826    318                5.03                    
304097540       19760306    523                5.66                    
304097540       19770331    209                4.45                    
304097540       19780325    450                5.37                    
304097540       19790306    422                5.29                    
304097540       19800609    375                5.861                   
304097540       19810731    474                5.55                    
304097540       19820320    698                6.12                    
304097540       19830505    367                4.98                    
304097540       19840419    258                4.67                    
304097540       19850226    797                6.30                    
304097540       19860717    400                5.30                    
304097540       19861006    254                4.802                   
304097540       19880409    197                4.282                   
304097540       19890603    569                5.74                    
304097540       19900225    385                5.172                   
304097540       19910101    5102               5.981                   
304097540       19920726    216                4.41                    
304097540       19930106    448                5.49                    
304097540       19940221    226                4.482                   
304097540       19950309    179                3.832                   
304097540       19960621    486                5.39                    
304097540       19970223    388                5.08                    
304097540       19980110    448                5.38                    
304097540       19990425    358                5.08                    
304097540       20000521    211                4.38                    
304097540       20010211    4862               5.601                   
304097540       20020514    406                5.24                    
304097540       20030513    217                4.45                    
304097540       20040614    382                5.17                    
304097540       20050115    467                5.44                    
304097540       20060315    286                4.89                    
304097540       20070826    261                4.892                   
304097540       20080111    714                6.29                    
304097540       20090312    486                5.73                    
304097540       20100524    263                4.94                    
304097540       20110529    321                5.19                    
304097540       20111217    319                5.312                   
304097540       20130421    547                5.91                    
