Z04111500                       USGS 
H04111500       4236330841909002626065SW0405000416.3           889.08           
N04111500       DEER CREEK NEAR DANSVILLE, MI
Y04111500       
304111500       19550105    155                4.902                   
304111500       19560513    570                8.83                    
304111500       19570712    345                7.67                    
304111500       19580704    131                4.61                    
304111500       19590306    299                6.65                    
304111500       19591006    437                8.54                    
304111500       19610425    140                4.77                    
304111500       19620312    275                6.651                   
304111500       19630319    167                5.20                    
304111500       19640403   27.0                3.37                    
304111500       19650305    399                7.65                    
304111500       19660322    208                5.67                    
304111500       19661208    126                4.50                    
304111500       19680626    460                8.77                    
304111500       19690405    179                5.34                    
304111500       19700421    142                4.81                    
304111500       19710219    346                7.12                    
304111500       19720417    293                6.59                    
304111500       19721231    4402                                       
304111500       19740305    238                6.97                    
304111500       19750419    962               12.18                    
304111500       19760221    252                6.47                    
304111500       19770304   98.0                4.26                    
304111500       19780323    209                5.94                    
304111500       19790304    493                8.93                    
304111500       19800317    216                6.05                    
304111500       19810217    328                7.39                    
304111500       19820313    481                8.83                    
304111500       19830502    172                5.41                    
304111500       19840523    101                4.36                    
304111500       19850224    528                9.82                    
304111500       19860310    381                8.52                    
304111500       19861003    161                5.81                    
304111500       19880407    190                6.26                    
304111500       19890531    248                6.97                    
304111500       19900310    193                6.08                    
304111500       19901128    181                5.88                    
304111500       19920731    237                6.81                    
304111500       19930420    286                7.48                    
304111500       19940219    246                7.04                    
304111500       19950311    174                5.91                    
304111500       19960618    215                6.73                    
304111500       19970329    210                6.32                    
304111500       19980309    272                7.28                    
304111500       19990423    332                8.16                    
304111500       20000519    160                5.88                    
304111500       20010209    479               10.26                    
304111500       20011016    189                6.49                    
304111500       20030405    167                6.09                    
304111500       20040522    253                7.69                    
304111500       20050113    282                8.13                    
304111500       20060313    304                8.46                    
304111500       20061201    148                6.03                    
304111500       20080915    360                9.27                    
304111500       20090620    294                8.31                    
304111500       20100312    221                7.22                    
304111500       20110729    387                9.51                    
