Z04115000                       USGS 
H04115000       4306350844135002626037SW04050005434            642.58           
N04115000       MAPLE RIVER AT MAPLE RAPIDS, MI
Y04115000       
304115000       19450519   1680                8.66                    
304115000       19460308   3280                9.70                    
304115000       19470406   4810                9.97                    
304115000       19480320   65001              11.221                   
304115000       19490219   1430                8.75                    
304115000       19500404   3000                9.58                    
304115000       19510223   2380                9.29                    
304115000       19520120   20002                                       
304115000       19530320    770                7.66                    
304115000       19540222    940                7.98                    
304115000       19550306   1120                8.00                    
304115000       19560510   4740                9.93                    
304115000       19570715   1190                8.302                   
304115000       19580304   1250                8.48                    
304115000       19590324   2830                9.29                    
304115000       19600331   5550               10.22                    
304115000       19610427   1240                8.32                    
304115000       19620321   3570                9.56                    
304115000       19630328    507                6.82                    
304115000       19640409    442                7.01                    
304115000       19650410   2330                9.04                    
304115000       19660315   10702                   2                   
304115000       19670422   3810                9.64                    
304115000       19680207   2250                9.002                   
304115000       19690513   1720                8.74                    
304115000       19700411    974                8.39                    
304115000       19710228   1890                8.85                    
304115000       19720322   2500                9.13                    
304115000       19730101   2210                9.12                    
304115000       19740305   2740                9.38                    
304115000       19750901   2720                9.24                    
304115000       19760305   5400               10.17                    
304115000       19770312    509                6.33                    
304115000       19780401   3770                9.44                    
304115000       19790311   2080                8.55                    
304115000       19800411    954                7.46                    
304115000       19810221   2720                9.24                    
304115000       19820317   4280                9.862                   
304115000       19830504   1950                8.79                    
304115000       19840216   1370                8.17                    
304115000       19850304   4310                9.87                    
304115000       19860912   87703              12.33                    
304115000       19861002   4400               11.27                    
304115000       19880408   1720                8.61                    
304115000       19890625   1840                8.71                    
304115000       19900314   3370                9.53                    
304115000       19901130   1930                9.07                    
304115000       19920427   1710                8.79                    
304115000       19930330   2780                9.26                    
304115000       19940708   5610               10.27                    
304115000       19950315   1790                8.67                    
304115000       19960522   3240                9.47                    
304115000       19970222   4530                9.95                    
304115000       19980220   1990                8.82                    
304115000       19990425   2360                9.04                    
304115000       20000520   3360                9.52                    
304115000       20010212   2270                8.99                    
304115000       20020311   1760                8.84                    
304115000       20030513    580                6.49                    
304115000       20040524   3400                9.80                    
304115000       20050116   174012                                      
304115000       20060315   2100                9.09                    
304115000       20070314   1950                8.99                    
304115000       20080413   1610                8.73                    
304115000       20090501   3020                9.532                   
304115000       20100315   1380                8.52                    
304115000       20110429   2650                9.37                    
304115000       20120304   1360                8.50                    
304115000       20130418   9020               11.02                    
