Z04111000                       USGS 
H04111000       4232050843723002626045SW04050004661            852.68           
N04111000       GRAND RIVER NEAR EATON RAPIDS, MI
Y04111000       
304111000       19490215   3110                7.25                    
304111000       19500404   3860                8.15                    
304111000       19510220   2430                6.37                    
304111000       19520415   2910                6.96                    
304111000       19530606   1100                4.05                    
304111000       19540327   2160                5.84                    
304111000       19550221   1660                5.03                    
304111000       19560501   3360                7.65                    
304111000       19570427   1290                4.27                    
304111000       19571223   1200                4.102                   
304111000       19590306   25002               7.511                   
304111000       19600331   3060                7.17                    
304111000       19610427   1890                5.50                    
304111000       19620314   2020                5.71                    
304111000       19630320   1390                4.672                   
304111000       19640405    658                3.13                    
304111000       19650210   2890                6.98                    
304111000       19660515   1060                4.022                   
304111000       19670404   1670                5.14                    
304111000       19680628   3220                8.19                    
304111000       19690131   2340                6.252                   
304111000       19700408   2050                5.76                    
304111000       19710221   3500                7.52                    
304111000       19720419   1780                5.32                    
304111000       19730101   2430                6.40                    
304111000       19740309   2970                7.86                    
304111000       19750419   3220                7.96                    
304111000       19760305   2970                7.57                    
304111000       19770405   1550                4.77                    
304111000       19780325   2020                5.89                    
304111000       19790306   2280                6.40                    
304111000       19800320   1520                4.73                    
304111000       19810219   2930                7.28                    
304111000       19820317   3240                7.82                    
304111000       19960619   1650                5.05                    
304111000       19970301   1970                5.702                   
304111000       19980110   2180                6.37                    
304111000       19990424   2390                6.81                    
304111000       20000423   1440                4.73                    
304111000       20010212   2980                7.27                    
304111000       20011019   1740                5.17                    
304111000       20030407   1170                4.03                    
304111000       20040523   3500                8.04                    
304111000       20050114   2810                7.01                    
304111000       20060315   1760                5.22                    
304111000       20070107   2070                5.77                    
304111000       20080916   3590                8.17                    
304111000       20090311   3030                7.34                    
304111000       20100608   2200                6.01                    
304111000       20110527   3110                7.47                    
304111000       20111206   2070                5.77                    
304111000       20130421   2790                6.97                    
