Z04140000                       USGS 
H04140000       4420060840406002626129SW0408010121.4           840              
N04140000       PRIOR CREEK AT PETERS ROAD NEAR SELKIRK, MI
Y04140000       
304140000       19510426    145                4.92                    
304140000       19520413    155                4.97                    
304140000       19530319    130                4.512                   
304140000       19540531    174                4.74                    
304140000       19550322    186                4.882                   
304140000       19560404    186                5.23                    
304140000       19570406    128                4.122                   
304140000       19580406    125                4.12                    
304140000       19590520    584                5.64                    
304140000       19600331    325                5.19                    
304140000       19610325    191                4.73                    
304140000       19620330    259                5.28                    
304140000       19630326    330                5.27                    
304140000       19640406   55.0                2.702                   
304140000       19650412    245                5.082                   
304140000       19651127    242                5.07                    
304140000       19670327    232                5.15                    
304140000       19680528    162                4.722                   
304140000       19690509    177                4.852                   
304140000       19700602    255                5.11                    
304140000       19710413    229                5.03                    
304140000       19720413    170                5.10                    
304140000       19730308    152                4.90                    
304140000       19740414    201                5.16                    
304140000       19750901    174                4.97                    
304140000       19760324    255                5.31                    
304140000       19770313    170                4.94                    
304140000       19780407    241                5.37                    
