Z04172500                       USGS 
H04172500       4225370835731002626093SW0409000579.1           860.38           
N04172500       PORTAGE RIVER AT TIPLADY ROAD NEAR PINCKNEY, MI
Y04172500       
304172500       19450523    2155               4.18                    
304172500       19460311    1765               3.85                    
304172500       19470409    5295               5.72                    
304172500       19480324    2645               4.51                    
304172500       19490221    2115               4.10                    
304172500       19500405    4005               5.20                    
304172500       19510228    2305               4.18                    
304172500       19520129    2005               3.88                    
304172500       19530323    1015               3.22                    
304172500       19540305    1725               3.80                    
304172500       19541017    1285               3.76                    
304172500       19560516    3105               4.80                    
304172500       19570407    1005               3.30                    
304172500       19571228   98.05               3.28                    
304172500       19590310    2055               4.10                    
304172500       19600406    2145               4.12                    
304172500       19610429    1735               3.82                    
304172500       19620320    1935               4.10                    
304172500       19630328    1415               3.57                    
304172500       19640406   67.05               2.77                    
304172500       19650416    1425               3.73                    
304172500       19660519   81.05               3.102                   
304172500       19670407    1435               3.74                    
304172500       19680706    2655               4.60                    
304172500       19690418    1745               3.752                   
304172500       19700421    1305               3.56                    
304172500       19710302    1525               3.74                    
304172500       19720417    1085               3.35                    
304172500       19721029    2265               4.30                    
304172500       19740309    3555               4.96                    
304172500       19750419    1485               3.63                    
304172500       19760305    2645               4.46                    
304172500       19770329    1475               3.62                    
304172500       19780328    2075               4.07                    
304172500       19790414    1555               3.68                    
