Z04121900                       USGS 
H04121900       4330090852033002626107SW04060102121            920              
N04121900       LITTLE MUSKEGON RIVER NEAR MORLEY, MI
Y04121900       
304121900       19661208    698                4.73                    
304121900       19680202    428                3.59                    
304121900       19690626    471                3.92                    
304121900       19700602    500                3.94                    
304121900       19710413    409                3.54                    
304121900       19720826    648                4.53                    
304121900       19730119    479                3.842                   
304121900       19740517    829                5.23                    
304121900       19750831   1010                5.92                    
304121900       19760426    765                5.00                    
304121900       19770313    393                3.39                    
304121900       19780402    477                3.81                    
304121900       19790331    455                3.702                   
304121900       19800321    355                3.20                    
304121900       19810409    371                3.322                   
304121900       19820718   1390                6.98                    
304121900       19821203    632                4.35                    
304121900       19840618    520                3.84                    
304121900       19841229    662                4.45                    
304121900       19860912   2300                8.57                    
304121900       19861005    747                4.88                    
304121900       19880131    704                4.68                    
304121900       19890315    775                4.98                    
304121900       19900312    763                5.02                    
304121900       19910328    625                4.45                    
304121900       19911031    532                4.092                   
304121900       19930329    443                3.73                    
304121900       19940221    6142                                       
304121900       19941106    453                3.78                    
304121900       19960510    394                3.50                    
