Z04155000                       USGS 
H04155000       4322460843920002626057SW04080202288            718.37           
N04155000       PINE RIVER AT ALMA, MI
Y04155000       
304155000       19310401    3535               2.802                   
304155000       19320212   10605               5.56                    
304155000       19330502   14005               6.35                    
304155000       19340317   11005               5.72                    
304155000       19350305   35605               9.50                    
304155000       19360318    9655               5.08                    
304155000       19370428    7205               4.51                    
304155000       19380206   40705              10.43                    
304155000       19390422    6605               4.23                    
304155000       19400330   13305               6.19                    
304155000       19401231    7725               4.73                    
304155000       19420317   22105               7.64                    
304155000       19430316   24505               7.89                    
304155000       19440226    9605               5.36                    
304155000       19450604   18405               7.29                    
304155000       19460308   36505              10.02                    
304155000       19470406   18205               7.25                    
304155000       19480319   44005              10.81                    
304155000       19490228   12005               5.90                    
304155000       19500328   32105               9.48                    
304155000       19510219   13205               6.35                    
304155000       19511114   13205               6.442                   
304155000       19530315   12705               6.28                    
304155000       19540427   17505               7.26                    
304155000       19550311   11505               6.01                    
304155000       19560506   18005               7.43                    
304155000       19570712    6755               4.88                    
304155000       19571119    7235               4.84                    
304155000       19590403   24005               8.48                    
304155000       19600331   24805               8.60                    
304155000       19610327    6585               4.57                    
304155000       19620321   12105               6.15                    
304155000       19630503    6225               4.63                    
304155000       19640502    4805               4.03                    
304155000       19650412   27805               9.03                    
304155000       19660211   10505               5.74                    
304155000       19670422   25405               8.69                    
304155000       19680203   17105               7.22                    
304155000       19690418   10205               5.82                    
304155000       19700409    9645               5.662                   
304155000       19701206   16105               7.02                    
304155000       19720322   16805               7.15                    
304155000       19730122   15405               6.88                    
304155000       19740305   17905               7.27                    
304155000       19750903   27205               8.95                    
304155000       19760305   26305               8.82                    
304155000       19770919   11205               6.03                    
304155000       19780404   26305               8.82                    
304155000       19790319    8085               5.112                   
304155000       19800321    8145               5.27                    
304155000       19810219   12705               6.34                    
304155000       19820316   18205               7.23                    
304155000       19830414   14605               6.49                    
304155000       19840228    9365               5.31                    
304155000       19850312   20805               7.64                    
304155000       19860912   51605              12.82                    
304155000       19861004   21905               8.27                    
304155000       19880407   10705               5.73                    
304155000       19890623   13705               6.79                    
304155000       19900313   23805               8.63                    
304155000       19910409   18005               7.49                    
304155000       19920420   11305               5.90                    
304155000       19930330   14505               6.70                    
304155000       19940220   20405               7.97                    
304155000       19941109   10405               5.65                    
304155000       19960521   13105               6.35                    
304155000       19970221   27405               9.27                    
304155000       19980322   11005               5.81                    
304155000       19990423    9525               5.39                    
304155000       20000519   11305               5.89                    
304155000       20010516   16205               7.34                    
304155000       20020309   14905               6.79                    
304155000       20030321    8855               5.19                    
304155000       20040305   21805               8.26                    
304155000       20050113   15705               6.98                    
304155000       20060313   21305               8.16                    
304155000       20070314   13905               6.57                    
304155000       20080401   18205               7.52                    
304155000       20090426   27905               9.34                    
304155000       20100314   12605               6.24                    
304155000       20110428   22605               8.40                    
