Z04062000                       USGS 
H04062000       4600400881530002626071SW04030106631            1260             
N04062000       PAINT RIVER NEAR ALPHA, MI
Y04062000       
304062000       19530702   80506              10.50                    
304062000       19540428   65906               9.54                    
304062000       19550415   31906               6.86                    
304062000       19560517   10606               4.62                    
304062000       19570422   12706               4.89                    
304062000       19580702   20806               5.84                    
304062000       19590928   18006               5.56                    
304062000       19600425   80106              10.36                    
304062000       19610516   23406               6.11                    
304062000       19620424    3956               3.642                   
304062000       19630617    2736               3.372                   
304062000       19640525   19206               5.82                    
304062000       19650510   45406               8.24                    
304062000       19660421   16206               5.55                    
304062000       19670420   37806               7.63                    
304062000       19680612   11806               4.94                    
304062000       19690415   23306               6.33                    
304062000       19700601   42806               8.19                    
304062000       19710418   42006               8.08                    
304062000       19720503   58606               9.30                    
304062000       19730503   24006               6.50                    
304062000       19740525    7106               4.25                    
304062000       19750425   33206               7.40                    
304062000       19760418   29006               7.02                    
304062000       19770421   11406               5.03                    
304062000       19780827   12206               5.17                    
304062000       19790423   450016                                      
304062000       19800922   20106               6.16                    
304062000       19810506   30606               7.43                    
304062000       19820426   31506               7.62                    
304062000       19830525   35006               8.05                    
304062000       19831125   13806               5.33                    
304062000       19850422   46506               9.25                    
304062000       19860401   41406               8.74                    
304062000       19870819    9746               4.77                    
304062000       19880331   10006               4.79                    
304062000       19890613   15606               5.70                    
304062000       19900614    9206               4.65                    
304062000       19910409   19506               6.12                    
304062000       19920705   17606               6.02                    
304062000       19930413   12206               5.12                    
304062000       19940427   12106               5.10                    
304062000       19950515    7446               4.37                    
304062000       19960425   58006               9.42                    
304062000       19970408   31906               7.67                    
304062000       19980401   22806               6.57                    
304062000       19990529   14206               5.39                    
304062000       19991111    9946               4.78                    
304062000       20010413   34206               7.94                    
304062000       20020417  123006              11.44                    
304062000       20030513   34706               7.99                    
304062000       20040420   42206               8.69                    
304062000       20050408   21906               6.46                    
304062000       20060530   18706               6.02                    
304062000       20061113    5706               4.05                    
304062000       20080421   21306               6.38                    
304062000       20090428   15506               5.57                    
304062000       20100925    8936               4.86                    
304062000       20110412   10906               4.992                   
304062000       20120704   20406               6.59                    
304062000       20130501   63806               9.95                    
