Z04143900                       USGS 
H04143900       4248570834807002626049SW0408020383.7           844.96           
N04143900       SHIAWASSEE RIVER AT LINDEN, MI
Y04143900       
304143900       19680207    262                6.162                   
304143900       19690410    163                5.522                   
304143900       19700413    136                5.49                    
304143900       19710228    198                6.072                   
304143900       19720323    172                5.42                    
304143900       19730106    309                6.32                    
304143900       19740309    303                6.34                    
304143900       19750422    476                7.43                    
304143900       19760307    293                6.51                    
304143900       19770406    184                5.76                    
304143900       19780328    189                5.86                    
304143900       19790311    170                5.72                    
304143900       19800412    183                5.93                    
304143900       19810225    196                5.90                    
304143900       19811006    320                6.75                    
304143900       19830503    160                5.71                    
304143900       19840327    149                5.53                    
304143900       19850305    293                6.58                    
304143900       19860320    216                6.12                    
304143900       19861004    216                6.22                    
304143900       19871208    164                5.68                    
304143900       19890628    179                5.76                    
304143900       19900318    184                5.80                    
304143900       19901016    149                5.63                    
304143900       19920428    263                6.19                    
304143900       19930403    282                6.46                    
304143900       19940502    173                5.442                   
304143900       20010602    145                5.36                    
304143900       20011017    198                5.88                    
304143900       20030408    205                5.86                    
