Z04126000                       USGS 
H04126000       4416140861156002626101SW040601031677           585              
N04126000       MANISTEE RIVER NEAR MANISTEE, MI
Y04126000       
304126000       19520411   54505               7.902                   
304126000       19530325   42005               7.602                   
304126000       19540409   68005               8.162                   
304126000       19541005   50005               7.822                   
304126000       19560407   54505               7.90                    
304126000       19570428   34605               7.342                   
304126000       19580409   33105               7.262                   
304126000       19590407   65005               8.302                   
304126000       19600419   60805               8.042                   
304126000       19610401   33805               7.282                   
304126000       19620331   59905               8.02                    
304126000       19630331   61205               8.052                   
304126000       19640502   35205               7.37                    
304126000       19650413   59005               7.952                   
304126000       19660213   44005                   2                   
304126000       19670329   63005               8.052                   
304126000       19680322   50005               7.702                   
304126000       19690629   64005               8.112                   
304126000       19700411   41505               7.592                   
304126000       19710415   69805               8.222                   
304126000       19720416   47105               7.332                   
304126000       19730316   39105               7.522                   
304126000       19740417   50405               7.972                   
304126000       19750905   58105               8.70                    
304126000       19760330   71205               8.37                    
304126000       19770315   67005               8.302                   
304126000       19780409   49805               7.772                   
304126000       19790323   49805               8.122                   
304126000       19800413   47005               7.73                    
304126000       19810222   35205               7.692                   
304126000       19820419   55405               7.932                   
304126000       19821209   44105               7.83                    
304126000       19840612   40105               7.712                   
304126000       19850101   69105               8.362                   
304126000       19860912   69105               8.362                   
304126000       19861005   72805               8.442                   
304126000       19880407   39405               7.912                   
304126000       19890330   68905               8.562                   
304126000       19900626   68905               8.562                   
304126000       19910412   47705               7.992                   
304126000       19911028   69305               8.57                    
304126000       19930622   65505               8.48                    
