Z04108801                       USGS 
H04108801       4247010860211002626139SW0405000268.5           583.4            
N04108801       MACATAWA RIVER NEAR ZEELAND, MI
Y04108801       
304108801       19610314    719               10.133                   
304108801       19620313   1690               11.533                   
304108801       19630326   1780               11.633                   
304108801       19640325   1130               10.873                   
304108801       19650406   2520               12.423                   
304108801       19660210   2760               12.663                   
304108801       19670422   1690               11.583                   
304108801       19680201   1370               11.1523                   
304108801       19690130    8502                                       
304108801       19700420   1570               11.253                   
304108801       19710221   2170               11.673                   
304108801       19720417   2010               11.533                   
304108801       19721230   3710               13.203                   
304108801       19740121   2570               12.103                   
304108801       19750111   1660               11.063                   
304108801       19751215   2730               12.263                   
304108801       19770329    728                8.6323                   
304108801       19780626   3830               14.033                   
304108801       19790304   4180               14.063                   
304108801       19800607   3310               13.263                   
304108801       19810511   7220               15.813                   
304108801       19820717   4600               14.373                   
304108801       19821203   3200               13.213                   
304108801       19840213   3110               13.063                   
304108801       19850224   3690               13.643                   
304108801       19860310   3050               13.003                   
304108801       19870922   1240               10.763                   
304108801       19880407   1320               10.933                   
304108801       19890531   4150               14.293                   
304108801       19900117   1220               10.703                   
304108801       19901106   3080               13.033                   
304108801       19911130   1520               11.333                   
304108801       19930104   2500               12.553                   
304108801       19940220   38002              14.1513                   
304108801       19941106   2210               12.223                   
304108801       19960521   4340               14.333                   
304108801       19970621   8810               16.723                   
304108801       19980319   1180               10.843                   
304108801       19990423   2270               12.463                   
304108801       20000518   2710               12.613                   
304108801       20010209   2650               12.793                   
304108801       20011025   2330               12.423                   
304108801       20030405   1040               10.223                   
304108801       20040302   1530               11.12                    
304108801       20050113   1870               12.00                    
304108801       20060310   1210               10.16                    
304108801       20070314   2130               11.14                    
