Z04161500                       USGS 
H04161500       4246030831312002626125SW0409000338.5           929.8            
N04161500       PAINT CREEK NEAR LAKE ORION, MI
Y04161500       
304161500       19560306    340                3.60                    
304161500       19570522    130                2.752                   
304161500       19571225   61.0                2.262                   
304161500       19590405    149                2.83                    
304161500       19600401    289                3.33                    
304161500       19610425   62.0                2.322                   
304161500       19620314    109                2.622                   
304161500       19630827   51.0                2.192                   
304161500       19640508    107                2.622                   
304161500       19650410    310                3.402                   
304161500       19660322    100                2.66                    
304161500       19670419    238                3.562                   
304161500       19680204    359                3.50                    
304161500       19690405    1602                                       
304161500       19700910    121                2.872                   
304161500       19710303    170                3.262                   
304161500       19720417    1502                                       
304161500       19721231    280                3.70                    
304161500       19740304    280                3.80                    
304161500       19750419    428                4.26                    
304161500       19760305    2531               3.59                    
304161500       19770327    1102                                       
304161500       19780323    1402                                       
304161500       19790414    131                2.95                    
304161500       19800404    121                2.89                    
304161500       19810905    193                3.39                    
304161500       19820331    191                3.28                    
304161500       19830414    146                3.14                    
304161500       19840321    120                2.882                   
304161500       19850224    230                3.551                   
304161500       19860310    209                3.37                    
304161500       19870405   81.0                2.612                   
304161500       19880922    110                2.95                    
304161500       19890908    137                3.1025                   
304161500       19900315    123                3.06                    
304161500       19910531   82.0                2.752                   
