Z04032000                       USGS 
H04032000       4632500894638002626053SW04020101261            1299.66          
N04032000       PRESQUE ISLE RIVER NEAR TULA, MI
Y04032000       
304032000       19450326   2530               11.74                    
304032000       19460625   3170               12.45                    
304032000       19470425   1940               10.352                   
304032000       19480412   1030                8.82                    
304032000       19490507   2600               11.82                    
304032000       19500507   3260               12.17                    
304032000       19510430   4200               13.55                    
304032000       19520422   4130               13.63                    
304032000       19530622   1700               10.06                    
304032000       19540416   2870               12.09                    
304032000       19550411   2610               11.58                    
304032000       19560412   1600                9.75                    
304032000       19570421   3430               12.77                    
304032000       19580416   1660                9.93                    
304032000       19590418   1200                8.88                    
304032000       19600425   4640               14.04                    
304032000       19610422   1820               10.24                    
304032000       19620423   1510                9.62                    
304032000       19630403   3040               12.26                    
304032000       19640418   2730               11.80                    
304032000       19650424   2690               11.44                    
304032000       19660319   22001              11.771                   
304032000       19670418   2560               11.41                    
304032000       19680329   1430                9.462                   
304032000       19690415   2830               11.762                   
304032000       19700602   1780                9.76                    
304032000       19710418   3490               12.65                    
304032000       19720817   3750               13.16                    
304032000       19730316   2130               10.57                    
304032000       19740423   2800               11.68                    
304032000       19750425   2800               11.68                    
304032000       19760417   2400               11.02                    
304032000       19770413   12002                                       
304032000       19780531   2580               11.31                    
304032000       19790424   2960               11.92                    
304032000       19800422   1940               10.21                    
304032000       19810401   2170               10.642                   
304032000       19820418   3000               12.841                   
