Z04113000                       USGS 
H04113000       4245020843319002626065SW040500041230           804.92           
N04113000       GRAND RIVER AT LANSING, MI
Y04113000       
304113000       19010320   8650               10.94                    
304113000       19020705   6700                9.73                    
304113000       19030415   8490               11.34                    
304113000       19040326  24500               18.60                    
304113000       19050607  12800               13.39                    
304113000       19060610   6900                9.88                    
304113000       19070330   4380                    6                   
304113000       19080314  12200               14.90                    
304113000       19090502   8540                                        
304113000       19100306   6450                                        
304113000       19110218   3340                7.50                    
304113000       19120405   9290               13.20                    
304113000       19130405   6770               11.30                    
304113000       19140517   6760               11.10                    
304113000       19150216   4800                9.30                    
304113000       19160329  11100               14.30                    
304113000       19170407   5670                                        
304113000       19180315  15800               13.50                    
304113000       19190317   7700               12.003                   
304113000       19200313   6870                                        
304113000       19210424   2190                5.80                    
304113000       19220413   5010                9.50                    
304113000       19230317   3880                8.20                    
304113000       19240307   4120                8.50                    
304113000       19250321   2060                5.60                    
304113000       19260322   6870               11.40                    
304113000       19270528   2250                5.90                    
304113000       19280409   3110                7.20                    
304113000       19290301   3980                8.70                    
304113000       19300222   4480                                        
304113000       19310608   1610                4.80                    
304113000       19320213   2690                6.60                    
304113000       19330403   4470                8.90                    
304113000       19340405   4190                8.60                    
304113000       19350312   4020                7.576                   
304113000       19360312   2490                5.85                    
304113000       19370627   7170               10.47                    
304113000       19380214   7050               10.42                    
304113000       19390419   5450                8.95                    
304113000       19400331   4180                7.79                    
304113000       19410103   29606               6.46                    
304113000       19420318   7530               10.81                    
304113000       19430603   8130               11.26                    
304113000       19440227   6220                9.67                    
304113000       19450519   7410               10.68                    
304113000       19460307   5120                8.74                    
304113000       19470407  16400               15.59                    
304113000       19480321  12000               13.40                    
304113000       19490216   5890                9.44                    
304113000       19500405   8280               12.666                   
304113000       19510221   4770                9.43                    
304113000       19520415   6200               11.02                    
304113000       19530608   2260                6.04                    
304113000       19540217   4850                9.50                    
304113000       19550303   3280                7.49                    
304113000       19560501   7700               11.72                    
304113000       19570520   4100                8.56                    
304113000       19580301   2380                6.20                    
304113000       19590308   4650                9.25                    
304113000       19600401   8070               12.08                    
304113000       19610427   3780                8.51                    
304113000       19620314   4520                9.09                    
304113000       19630321   3450                7.77                    
304113000       19640508   1580                5.00                    
304113000       19650306   4730                9.40                    
304113000       19660323   2990                7.09                    
304113000       19670315   3600                8.21                    
304113000       19680629   8560               12.45                    
304113000       19690131   4350                9.18                    
304113000       19700409   4060                8.74                    
304113000       19710222   5460                9.97                    
304113000       19720419   3910                8.33                    
304113000       19730101   6160               10.84                    
304113000       19740310   7330               11.87                    
304113000       19750420  11200               15.43                    
304113000       19760305   6840               11.54                    
304113000       19770406   2760                6.94                    
304113000       19780324   4670                9.34                    
304113000       19790307   5280                9.98                    
304113000       19800319   3240                7.59                    
304113000       19810220   6360               11.06                    
304113000       19820317   8800               13.40                    
304113000       19830504   3920                8.46                    
304113000       19840529   2650                6.87                    
304113000       19850226   9660               14.12                    
304113000       19860313   5960               10.66                    
304113000       19861004   4280                9.02                    
304113000       19880408   4060                8.71                    
304113000       19890602   4650                9.39                    
304113000       19900313   5370               10.18                    
304113000       19901128   3930                8.55                    
304113000       19920427   4360                8.76                    
304113000       19930421   6020               10.70                    
304113000       19940221   4780                9.34                    
304113000       19950313   4190                8.86                    
304113000       19960620   4920                9.71                    
304113000       19970301   4390                9.10                    
304113000       19980311   5120                9.86                    
304113000       19990425   6090               10.88                    
304113000       20000519   3480                8.16                    
304113000       20010212   6900               11.69                    
304113000       20011019   3680                8.17                    
304113000       20030406   3240                7.60                    
304113000       20040523   8150               12.85                    
304113000       20050115   5950               10.74                    
304113000       20060315   4260                8.88                    
304113000       20070108   40206               8.43                    
304113000       20080915   7420               12.27                    
304113000       20090311   6920               11.61                    
304113000       20100315   43906               8.89                    
304113000       20110730   6370               11.06                    
304113000       20111205   3810                8.18                    
304113000       20130421   6460               11.15                    
