Z04031000                       USGS 
H04031000       4630410900428002626053SW04020101200            1154.3           
N04031000       BLACK RIVER NEAR BESSEMER, MI
Y04031000       
304031000       19550411   3620                8.59                    
304031000       19560412   2240                6.36                    
304031000       19570421   5420                9.76                    
304031000       19580415   2090                6.13                    
304031000       19590407   2020                6.00                    
304031000       19600424  14800               14.27                    
304031000       19610421   2240                6.40                    
304031000       19620423   1970                5.91                    
304031000       19630402   5290                9.84                    
304031000       19640413   5240                9.88                    
304031000       19650423   3750                8.52                    
304031000       19660318   3670                8.43                    
304031000       19670331   4250                9.05                    
304031000       19680319   3470                8.212                   
304031000       19690413   3940                8.43                    
304031000       19700417   1550                4.94                    
304031000       19710417   5040                9.55                    
304031000       19720816   8360               11.73                    
304031000       19730315   2000                5.68                    
304031000       19740610   5280                9.77                    
304031000       19750424   3750                8.21                    
304031000       19760415   3310                7.66                    
304031000       19770329   2220                6.12                    
304031000       19771012   2360                6.34                    
304031000       19790422   3660                8.10                    
304031000       19800420   2760                6.92                    
304031000       19810330   3210                7.54                    
304031000       19820424   3960                8.46                    
304031000       20010412   5650                9.93                    
304031000       20020417  12600               13.54                    
304031000       20030512   8850               12.16                    
304031000       20040419   5040                9.61                    
304031000       20050406   3970                8.27                    
304031000       20060331   2770                6.76                    
304031000       20070327   5020                9.43                    
304031000       20080422   4070                8.39                    
304031000       20090424   2370                6.31                    
304031000       20100925   2200                6.04                    
304031000       20110411   4610                9.03                    
304031000       20120316   3040                7.16                    
304031000       20130430   9460               12.23                    
