Z04125500                       USGS 
H04125500       4412120854800002626165SW04060103251            775              
N04125500       PINE RIVER NEAR HOXEYVILLE, MI
Y04125500       
304125500       19530324   1040                4.70                    
304125500       19540409    860                4.39                    
304125500       19550312    760                4.20                    
304125500       19560806   2440                6.82                    
304125500       19570709    620                3.90                    
304125500       19580407    764                4.26                    
304125500       19590408   1380                5.57                    
304125500       19600331   1140                5.16                    
304125500       19610417    658                3.912                   
304125500       19620331    950                4.70                    
304125500       19630327   1130                4.96                    
304125500       19640501    662                3.78                    
304125500       19650413   1430                5.48                    
304125500       19660211    928                4.72                    
304125500       19661209   1280                5.49                    
304125500       19680202    718                4.15                    
304125500       19690627   1190                5.24                    
304125500       19700603    834                4.48                    
304125500       19710414   1970                6.60                    
304125500       19720415    908                4.47                    
304125500       19730120    741                4.22                    
304125500       19740416   1400                5.75                    
304125500       19750902   1920                6.78                    
304125500       19760328   1440                5.81                    
304125500       19770314   1250                3.83                    
304125500       19780407   1120                3.70                    
304125500       19790401   16002                                       
304125500       19800410    630                3.01                    
304125500       19810429    861                3.38                    
304125500       19820418   1690                4.91                    
