Z04061500                       USGS 
H04061500       4606210882005002626071SW04030106597            1306.1           
N04061500       PAINT RIVER AT CRYSTAL FALLS, MI
Y04061500       
304061500       19450329   36106               5.35                    
304061500       19460625   35906               5.34                    
304061500       19470425   37206               5.40                    
304061500       19480428   22206               4.50                    
304061500       19490707   44006               5.63                    
304061500       19500507   71306               7.94                    
304061500       19510430   53606               6.80                    
304061500       19520420   58106               7.10                    
304061500       19530702  102006               9.45                    
304061500       19540428   61706               7.35                    
304061500       19550415   54206               6.88                    
304061500       19560413   22406               4.65                    
304061500       19570422   40606               6.05                    
304061500       19580702   27506               5.08                    
304061500       19590928   33606               5.55                    
304061500       19600425  109006               9.82                    
304061500       19610516   31806               5.34                    
304061500       19620423   27406               5.00                    
304061500       19630607   28706               5.10                    
304061500       19640525   39706               5.80                    
304061500       19650510   67806               7.69                    
304061500       19660421   39106               5.88                    
304061500       19670406   54206               6.84                    
304061500       19680910   24906               4.72                    
304061500       19690415   46406               6.30                    
304061500       19700601   58706               7.12                    
304061500       19710418   57006               7.01                    
304061500       19720430   63006               7.39                    
304061500       19730316   38106               5.71                    
304061500       19740423   30706               5.18                    
304061500       19750424   53906               6.82                    
304061500       19760417   38606               5.74                    
304061500       19770422   27806               4.96                    
304061500       19780824   22406               4.47                    
304061500       19790424   59706               7.14                    
304061500       19800922   32406               5.26                    
304061500       19810506   42806               6.04                    
304061500       19820426   53306               6.78                    
304061500       19830524   35806               5.54                    
304061500       19840414   29906               5.12                    
304061500       19850422   72506               7.95                    
304061500       19860402   57906               7.07                    
304061500       19861013   16506               4.02                    
304061500       19880407   32406               5.30                    
304061500       19890610   31006               5.20                    
304061500       19900314   17606               4.11                    
304061500       19910409   42106               5.89                    
304061500       19920422   43106               6.03                    
304061500       19930505   27306               4.89                    
304061500       19940428   22006               4.49                    
304061500       19950515   17806               4.13                    
304061500       19960426   73006               7.89                    
304061500       19970407   48006               6.37                    
304061500       19980331   38706               5.71                    
