Z04096515                       USGS 
H04096515       4156550844940002626023SW0405000148.7           1010             
N04096515       SOUTH BRANCH HOG CREEK NEAR ALLEN, MI
Y04096515       
304096515       19700422    131                4.09                    
304096515       19710222    1802                                       
304096515       19720318    117                3.82                    
304096515       19730102    207                4.56                    
304096515       19740310    240                4.86                    
304096515       19750226    210                4.58                    
304096515       19760305    304                5.33                    
304096515       19770306    237                4.81                    
304096515       19780628    426                5.78                    
304096515       19790305    258                4.98                    
304096515       19800319    212                4.60                    
304096515       19810615    306                5.11                    
304096515       19820317    524                5.63                    
304096515       19830503    270                4.58                    
304096515       19840214    205                4.23                    
304096515       19850225    664                6.00                    
304096515       19860314    190                4.06                    
304096515       19861005    184                4.09                    
304096515       19880408    176                4.04                    
304096515       19890601    646                6.20                    
304096515       19900224    369                4.952                   
304096515       19901231    471                5.40                    
304096515       19920726    105                3.48                    
304096515       19930106    421                5.22                    
304096515       19940221    2501                                       
304096515       19950308    125                3.712                   
304096515       19960620    465                5.50                    
304096515       19970222    308                4.83                    
304096515       19980109    340                5.112                   
304096515       19990125    439                5.40                    
304096515       20000422    318                4.78                    
304096515       20010211    5302               5.981                   
304096515       20020202    254                4.54                    
304096515       20030406    123                3.652                   
304096515       20040614    197                4.20                    
304096515       20050115    3902               5.531                   
304096515       20060219    204                4.282                   
304096515       20070826    261                4.77                    
304096515       20080109    443                5.61                    
304096515       20090312    387                5.38                    
304096515       20100524    347                5.06                    
304096515       20110528    299                4.98                    
304096515       20111201    282                4.76                    
304096515       20130420    463                5.50                    
