Z04108800                       USGS 
H04108800       4246450860106002626139SW0405000265.8           585.70           
N04108800       MACATAWA RIVER AT STATE ROAD NEAR ZEELAND, MI
Y04108800       
304108800       19610314    719               10.13                    
304108800       19620313   1690               11.53                    
304108800       19630326   1780               11.63                    
304108800       19640325   1130               10.87                    
304108800       19650406   2520               12.42                    
304108800       19660210   2760               12.66                    
304108800       19670422   1690               11.58                    
304108800       19680201   1370               11.152                   
304108800       19690130    8502                                       
304108800       19700420   1570               11.25                    
304108800       19710221   2170               11.67                    
304108800       19720417   2010               11.53                    
304108800       19721230   3710               13.20                    
304108800       19740121   2570               12.10                    
304108800       19750111   1660               11.06                    
304108800       19751215   2730               12.26                    
304108800       19770329    728                8.632                   
304108800       19780626   3830               14.03                    
304108800       19790304   4180               14.06                    
304108800       19800607   3310               13.26                    
304108800       19810511   7220               15.81                    
304108800       19820717   4600               14.37                    
304108800       19821203   3200               13.21                    
304108800       19840213   3110               13.06                    
304108800       19850224   3690               13.64                    
304108800       19860310   3050               13.00                    
304108800       19870922   1240               10.76                    
304108800       19880407   1320               10.93                    
304108800       19890531   4150               14.29                    
304108800       19900117   1220               10.70                    
304108800       19901106   3080               13.03                    
304108800       19911130   1520               11.33                    
304108800       19930104   2500               12.55                    
304108800       19940220   38002              14.151                   
304108800       19941106   2210               12.22                    
304108800       19960521   4340               14.33                    
304108800       19970621   8810               16.72                    
304108800       19980319   1180               10.84                    
304108800       19990423   2270               12.46                    
304108800       20000518   2710               12.61                    
304108800       20010209   2650               12.79                    
304108800       20011025   2330               12.42                    
304108800       20030405   1040               10.22                    
304108800       20040302   1530               11.1236                   
304108800       20050113   1870               12.003                   
304108800       20060310   1210               10.163                   
304108800       20070314   2130               11.143                   
304108800       20080608   3380               13.50                    
304108800       20090620   6650               16.45                    
304108800       20091030   2200               12.57                    
304108800       20110427   1350               10.84                    
304108800       20120504   1030                9.87                    
304108800       20130418   3660               14.42                    
