Z04044400                       USGS 
H04044400       4631290873425002626103SW0402010551.4           1319.90          
N04044400       CARP RIVER AT US-HWY 41 NEAR NEGAUNEE, MI
Y04044400       
304044400       19620422    1426               3.592                   
304044400       19630402    2316               4.08                    
304044400       19640414    3016               4.43                    
304044400       19650508    1426               3.672                   
304044400       19660420    2226               4.03                    
304044400       19670418    1816               3.812                   
304044400       19680627    3516               4.68                    
304044400       19690416    2376               4.11                    
304044400       19700531    1426               3.592                   
304044400       19710316    2436               4.142                   
304044400       19720506    2086               3.96                    
304044400       19730416    2856               4.352                   
304044400       19740422    3336               4.59                    
304044400       19750520    2996               4.42                    
304044400       19760415    1846               3.832                   
304044400       19770412    1526               3.65                    
304044400       19780911    3316               4.68                    
304044400       19790617    2996               4.42                    
304044400       19791023    2016               3.922                   
304044400       19810615    1346               3.542                   
304044400       19820425    2516               4.18                    
304044400       19830530    5456               5.46                    
304044400       19840430    2166               4.00                    
304044400       19850420    9186               6.83                    
304044400       19851005    4476               5.32                    
