Z04129000                       USGS 
H04129000       4510150842618002626137SW0407000462.6           886.24           
N04129000       PIGEON RIVER AT PIGEON RIVER HQ NR VANDERBILT, MI
Y04129000       
304129000       19510704    3455               4.41                    
304129000       19511114    3455               4.42                    
304129000       19530324    2705               4.08                    
304129000       19540408    3455               4.42                    
304129000       19541018    2705               4.10                    
304129000       19560404    3455               4.43                    
304129000       19570515   150035              6.80                    
304129000       19571115    1745               3.33                    
304129000       19590419    5305               5.36                    
304129000       19600417    6025               5.18                    
304129000       19610915   11405               6.23                    
304129000       19620503    4245               4.61                    
304129000       19630508    8045               5.52                    
304129000       19631124    2505               3.97                    
304129000       19650412    6525               5.18                    
304129000       19660422    3525               4.42                    
304129000       19661128    7205               5.35                    
304129000       19671102    2305               3.97                    
304129000       19690729    6505               5.90                    
304129000       19700925    3745               4.92                    
304129000       19710723    3965               4.95                    
304129000       19720930    5385               5.56                    
304129000       19730923    3365               4.66                    
304129000       19740704    5325               5.54                    
304129000       19750720    4545               5.12                    
304129000       19760531    4425               5.06                    
304129000       19770330    3785               4.74                    
304129000       19780909    3505               4.60                    
304129000       19790427    5185               5.41                    
304129000       19800409    3605               4.65                    
304129000       19810404    3945               4.835                   
304129000       19820417    4255               4.99                    
304129000       19830508    5455               5.53                    
304129000       19840903    4485               5.19                    
304129000       19841229    3755               4.87                    
304129000       19860912    4185               5.10                    
304129000       19861004    4545               5.13                    
304129000       19880404    3805               4.91                    
304129000       19881107    3795               4.83                    
304129000       19900317    4795               5.27                    
