Z04105500                       USGS 
H04105500       4219260851151002626025SW04050003824            799.13           
N04105500       KALAMAZOO RIVER NEAR BATTLE CREEK, MI
Y04105500       
304105500       19380531   2450                6.49                    
304105500       19390223   2720                6.73                    
304105500       19400402   16002                   2                   
304105500       19410422   1520                5.08                    
304105500       19420319   3500                7.64                    
304105500       19430604   4020                8.00                    
304105500       19440228   2840                6.98                    
304105500       19450518   3150                7.34                    
304105500       19460307   2940                7.14                    
304105500       19470407   7290                9.13                    
304105500       19480321   5650                8.52                    
304105500       19490216   3510                7.53                    
304105500       19500329   4910                8.25                    
304105500       19510106   2850                6.97                    
304105500       19520416   2560                6.69                    
304105500       19530609   1320                4.84                    
304105500       19540328   2380                6.48                    
304105500       19550108   16501                   2                   
304105500       19560502   3510                7.50                    
304105500       19570430   1530                5.16                    
304105500       19580302   1400                3.006                   
304105500       19590405   23002                   6                   
304105500       19600401   3200                6.38                    
304105500       19610428   1970                5.20                    
304105500       19620323   2290                5.52                    
304105500       19630320   1570                4.68                    
304105500       19640720   1310                4.60                    
304105500       19650308   1990                5.10                    
304105500       19660516   1360                4.62                    
304105500       19670405   1750                4.89                    
304105500       19680204   3080                6.072                   
304105500       19690202   2510                5.58                    
304105500       19700410   2220                5.40                    
304105500       19710222   2860                5.88                    
304105500       19720420   1920                5.01                    
304105500       19730103   2710                6.00                    
304105500       19740311   3230                6.39                    
304105500       19750421   4670                7.36                    
304105500       19760306   3460                6.32                    
304105500       19770331   1620                4.63                    
304105500       19780627   2620                5.82                    
304105500       19790307   30502                                       
304105500       19800607   2250                5.22                    
304105500       19810221   3330                6.12                    
304105500       19820317   4920                7.40                    
304105500       19830504   2500                5.45                    
304105500       19840216   1900                4.98                    
304105500       19850226   5760                7.95                    
304105500       19860314   2990                5.93                    
304105500       19861005   29401                                       
304105500       19880409   2600                5.60                    
304105500       19890603   4240                6.86                    
304105500       19900313   3590                6.32                    
304105500       19901130   2860                5.82                    
304105500       19911212   1940                5.01                    
304105500       19930422   3070                6.00                    
304105500       19940223   2450                5.47                    
304105500       19950314   1790                4.90                    
304105500       19960618   1630                4.72                    
304105500       19970224   22001                                       
304105500       19980110   2450                5.47                    
304105500       19990425   2900                5.85                    
304105500       20000522   1880                4.89                    
304105500       20010212   3770                6.56                    
304105500       20020311   2230                5.26                    
304105500       20030407   19502                                       
304105500       20040524   4050                6.54                    
304105500       20050115   3990                6.532                   
304105500       20060315   2240                5.14                    
304105500       20070314   2380                5.26                    
304105500       20080917   5240                7.78                    
304105500       20090311   4030                6.76                    
304105500       20100725   3080                5.88                    
304105500       20110529   3770                6.52                    
304105500       20120304   2250                5.08                    
304105500       20130421   3320                6.11                    
