Z04118500                       USGS 
H04118500       4304560853527002626081SW04050006234            624.80           
N04118500       ROGUE RIVER NEAR ROCKFORD, MI
Y04118500       
304118500       19520414   1220                7.10                    
304118500       19530223   1190                7.06                    
304118500       19540422    900                6.49                    
304118500       19541003   1640                7.85                    
304118500       19560507   1820                7.77                    
304118500       19570226   1080                6.60                    
304118500       19580820    911                6.40                    
304118500       19590403   1640                7.52                    
304118500       19600331   2640                8.59                    
304118500       19610925   1390                7.27                    
304118500       19620323   1050                6.70                    
304118500       19630327   1040                6.68                    
304118500       19640501    530                5.61                    
304118500       19650413   1880                8.06                    
304118500       19660212   1230                7.08                    
304118500       19670418   1800                7.95                    
304118500       19680204   1080                7.161                   
304118500       19690419    690                5.95                    
304118500       19700917    990                6.65                    
304118500       19710316   1370                7.38                    
304118500       19720324   1100                6.81                    
304118500       19730102   1260                7.37                    
304118500       19740517   2390                8.60                    
304118500       19750901   2120                8.40                    
304118500       19760306   3540                9.29                    
304118500       19770311    711                6.16                    
304118500       19780407   1100                7.05                    
304118500       19790307   1430                7.64                    
304118500       19800411    765                6.30                    
304118500       19810222   1000                7.04                    
304118500       19811002   2080                8.62                    
304118500       19880201   18002               7.921                   
304118500       19890601   1940                8.61                    
304118500       19900313   1480                7.762                   
304118500       19910329   1580                7.96                    
304118500       19911201   1440                7.69                    
304118500       19930106   1120                7.25                    
304118500       19940625   1770                8.302                   
304118500       19941107   1330                7.60                    
304118500       19960619   1800                8.41                    
304118500       19970223   1490                8.32                    
304118500       19980321    866                6.77                    
304118500       19990614   12305               7.79                    
304118500       20000519   1950                8.62                    
304118500       20010516   1380                7.57                    
304118500       20020312   1490                7.79                    
304118500       20030514    6535               5.87                    
304118500       20040306   1730                8.23                    
304118500       20050401   1360                7.52                    
304118500       20060314   2030                8.76                    
304118500       20070315   1750                8.27                    
304118500       20080914   1150                7.09                    
304118500       20081229   20805               8.84                    
304118500       20100531   18405               8.43                    
304118500       20110429   1490                7.78                    
304118500       20120304    618                5.76                    
304118500       20130419   2420                9.39                    
