Z04138000                       USGS 
H04138000       4414030834204002626069SW0408010184             646.58           
N04138000       EAST BRANCH AU GRES RIVER NEAR McIVOR, MI
Y04138000       
304138000       19510427    581                6.17                    
304138000       19520414    865                7.67                    
304138000       19530502    352                4.822                   
304138000       19540626    747                7.09                    
304138000       19550322    617                6.45                    
304138000       19560404    545                5.96                    
304138000       19570426    358                4.872                   
304138000       19571114    244                3.97                    
304138000       19590520   1310                8.88                    
304138000       19600404    499                6.29                    
304138000       19610325    336                5.422                   
304138000       19620330    754                7.38                    
304138000       19630327    505                6.182                   
304138000       19640803    109                3.082                   
304138000       19650412    652                7.012                   
304138000       19651127    399                5.652                   
304138000       19670327    655                7.02                    
304138000       19680528    825                7.60                    
304138000       19690626    675                7.04                    
304138000       19700602    455                6.01                    
304138000       19710413    510                6.64                    
304138000       19720413    688                7.41                    
304138000       19730528    466                6.342                   
304138000       19740304    856                7.89                    
304138000       19750325    163                3.98                    
304138000       19760306    552                6.66                    
304138000       19770311    140                8.021                   
304138000       19780407    393                5.79                    
304138000       19790319    330                6.471                   
304138000       19800320    270                6.021                   
304138000       19810219    5402               7.581                   
304138000       19820331    548                6.64                    
