Z04164000                       USGS 
H04164000       4234400825706002626099SW04090003444            577.71           
N04164000       CLINTON RIVER NEAR FRASER, MI
Y04164000       
304164000       19470405   9000               20.00                    
304164000       19480511   8000               19.50                    
304164000       19490215   3850               15.70                    
304164000       19500405   6120               16.94                    
304164000       19501208   3430               14.80                    
304164000       19520311   3340               14.66                    
304164000       19530304   1460               11.81                    
304164000       19540325   3900               15.16                    
304164000       19541004   2290               13.54                    
304164000       19560429   5160               16.52                    
304164000       19570708   3870               15.39                    
304164000       19571220   2000               13.00                    
304164000       19590403   2610               14.07                    
304164000       19600617   2940               14.50                    
304164000       19610425   2160               13.33                    
304164000       19620313   3850               15.37                    
304164000       19630610   2250               13.48                    
304164000       19640429   1360               11.32                    
304164000       19650210   4420               15.88                    
304164000       19651225   2790               14.31                    
304164000       19670719   6420               17.13                    
304164000       19680626   7040               18.70                    
304164000       19690704   4400               16.25                    
304164000       19700617   2800               14.51                    
304164000       19710205   3480               15.44                    
304164000       19720314   27002                                       
304164000       19730626   4370               15.76                    
304164000       19740309   3780               15.31                    
304164000       19750419   5520               16.80                    
304164000       19760729   7050               18.00                    
304164000       19770403   3620               15.16                    
304164000       19780314   2590               14.04                    
304164000       19790414   5110               16.34                    
304164000       19800404   4120               15.62                    
304164000       19810728   2000               13.00                    
304164000       19811001   8840               19.56                    
304164000       19830502   4840               16.58                    
304164000       19840316   4240               16.00                    
304164000       19850223   5730               17.491                   
304164000       19860611   4340               16.10                    
304164000       19870622   3300               14.96                    
304164000       19871215   3590               15.30                    
304164000       19890909   3590               15.30                    
304164000       19900222   5880               17.48                    
304164000       19910526   5490               17.15                    
304164000       19920715   3330               15.00                    
304164000       19930104   4720               16.65                    
304164000       19940613   4190               15.94                    
304164000       19950803   3660               15.38                    
304164000       19960619   4420               16.17                    
304164000       19970519   4900               16.91                    
304164000       19980218   6190               17.83                    
304164000       19990423   4190               16.33                    
304164000       20000420   4140               16.29                    
304164000       20010210   4060               16.22                    
304164000       20011016   3750               15.93                    
304164000       20030405   2280               14.20                    
304164000       20040524   6040               17.93                    
304164000       20050216   3510               15.90                    
304164000       20051116   3490               15.88                    
304164000       20061201   4270               16.40                    
304164000       20080914   6930               18.29                    
304164000       20090308   4910               16.92                    
304164000       20100606   4250               16.38                    
304164000       20110525   7220               18.46                    
304164000       20111129   5940               17.66                    
304164000       20130629   3780               15.75                    
