Z04133500                       USGS 
H04133500       4507280833850002626007SW04070006588            671.96           
N04133500       THUNDER BAY RIVER NEAR BOLTON, MI
Y04133500       
304133500       19460315   30906               8.78                    
304133500       19470412   32506               9.002                   
304133500       19480323   18906               7.242                   
304133500       19490329   12206               5.96                    
304133500       19500329   230016                  2                   
304133500       19510401   20006               7.38                    
304133500       19520415   27106               8.27                    
304133500       19530320   18006               6.90                    
304133500       19540409   23006               7.71                    
304133500       19550421   18606               7.02                    
304133500       19560406   21006               7.39                    
304133500       19570524   22406               7.61                    
304133500       19580329    6716               4.742                   
304133500       19590407   33506               9.12                    
304133500       19600511   28406               8.48                    
304133500       19610328   13206               6.052                   
304133500       19620331   330026                  2                   
304133500       19630331   329026              9.092                   
304133500       19640408    8206               5.092                   
304133500       19650413   40706               9.99                    
304133500       19660315   12206               5.872                   
304133500       19670401   36006               9.44                    
304133500       19680320   14906               6.362                   
304133500       19690408   19006               7.072                   
304133500       19700410   19706               7.19                    
304133500       19710413   37506               9.30                    
304133500       19720416   36206               9.17                    
304133500       19730802   20506               7.32                    
304133500       19740706   32706               9.032                   
304133500       19750420   24206               8.03                    
304133500       19760326   42906              10.292                   
304133500       19770316   22506               7.63                    
304133500       19780413   20906               7.38                    
304133500       19790320   20206               7.14                    
304133500       19800409   20906               7.35                    
