Z04172000                       USGS 
H04172000       4227550834800002626093SW04090005308            850.00           
N04172000       HURON RIVER NEAR HAMBURG, MI
Y04172000       
304172000       19520417    735                6.26                    
304172000       19530507    368                4.842                   
304172000       19540219    660                5.98                    
304172000       19550306    611                5.852                   
304172000       19560515   1560                8.35                    
304172000       19570716    884                7.42                    
304172000       19571226    478                5.48                    
304172000       19590406    742                6.41                    
304172000       19600401    716                6.32                    
304172000       19610430    624                5.90                    
304172000       19620315    808                6.57                    
304172000       19630329    443                5.13                    
304172000       19640502    284                4.43                    
304172000       19650410    538                5.77                    
304172000       19651228    300                4.59                    
304172000       19670129    520                5.62                    
304172000       19680630   1330                8.46                    
304172000       19690203    640                6.052                   
304172000       19700408    460                5.30                    
304172000       19710223    610                6.21                    
304172000       19720423    352                4.702                   
304172000       19730318    780                6.362                   
304172000       19740309   1050                7.37                    
304172000       19750422    707                6.262                   
304172000       19760308    8802                                       
304172000       19770404    478                5.35                    
304172000       19780326    704                6.09                    
304172000       19790418    577                5.82                    
304172000       19800418    569                5.69                    
304172000       19810225    707                6.29                    
304172000       19820319    927                7.02                    
304172000       19830506    771                6.50                    
304172000       19840325    490                5.38                    
304172000       19850228    915                6.90                    
304172000       19860316    730                6.34                    
304172000       19861005    543                5.81                    
304172000       19880410    472                5.25                    
304172000       19890627    730                6.98                    
304172000       19900315    792                6.49                    
304172000       19901013    612                6.032                   
304172000       19920428    641                6.14                    
304172000       19930402    674                6.152                   
304172000       19940325    502                5.412                   
304172000       19950317    556                5.682                   
304172000       19960624    641                6.53                    
304172000       19970402    651                6.17                    
304172000       19980222    822                6.74                    
304172000       19990427    515                5.68                    
304172000       20000917    577                6.572                   
304172000       20010213   1010                7.22                    
304172000       20011020    653                6.392                   
304172000       20030407    445                5.112                   
304172000       20040526    744                8.131                   
304172000       20050116    8602               7.441                   
304172000       20060519    765                6.89                    
304172000       20070109    727                6.35                    
304172000       20080112    825                6.902                   
304172000       20090312   1050                7.32                    
304172000       20100611    698                6.68                    
304172000       20110530   1250                7.66                    
304172000       20111204    704                6.55                    
304172000       20130424    727                6.322                   
