Z04058500                       USGS 
H04058500       4616560872607002626103SW04030110124            1079.2           
N04058500       EAST BRANCH ESCANABA RIVER AT GWINN, MI
Y04058500       
304058500       19550415   1030               12.01                    
304058500       19560412    560               10.11                    
304058500       19570421    6481                                       
304058500       19580417    761               10.97                    
304058500       19590419    734               10.86                    
304058500       19600425   1920               14.44                    
304058500       19610418   1020               11.97                    
304058500       19620423    633               10.43                    
304058500       19630404    516                9.90                    
304058500       19640415    941               11.68                    
304058500       19650510    858               11.13                    
304058500       19660421   1040               11.80                    
304058500       19670405    795               10.88                    
304058500       19680608    802               10.91                    
304058500       19690417   1320               12.72                    
304058500       19700601   2390               14.97                    
304058500       19710418   1200               12.34                    
304058500       19720430   1350               12.83                    
304058500       19730503   1130               12.16                    
304058500       19740422   1020               11.75                    
304058500       19750424   1190               12.31                    
304058500       19760416    778               10.81                    
304058500       19770413    595               10.08                    
304058500       19780912   1200               12.34                    
304058500       19790426   1390               12.97                    
304058500       19800410    530                9.82                    
304058500       19850421   27007              15.75                    
