Z04127000                       USGS 
H04127000       4438180853110002626055SW04060105182            757.89           
N04127000       BOARDMAN RIVER NEAR MAYFIELD, MI
Y04127000       
304127000       19530322    4955               4.90                    
304127000       19540408    9155               5.93                    
304127000       19550414    5255               4.96                    
304127000       19560702    8105               5.72                    
304127000       19570708    9805               6.23                    
304127000       19571230    3875               4.37                    
304127000       19590418    6045               5.15                    
304127000       19600418    7255               5.86                    
304127000       19610914   12205               6.90                    
304127000       19611001    5595               5.00                    
304127000       19630510    6765               5.36                    
304127000       19631122    4415               4.57                    
304127000       19650412    5795               5.07                    
304127000       19660210    4625               4.65                    
304127000       19670402    7225               5.49                    
304127000       19680403    5535               4.98                    
304127000       19690627    6415               5.26                    
304127000       19700924    6885               5.42                    
304127000       19710413    7105               5.55                    
304127000       19720417    5065               4.87                    
304127000       19730119    4095               4.59                    
304127000       19740414    5805               5.13                    
304127000       19750419    6925               5.49                    
304127000       19760327    9685               6.37                    
304127000       19770313    5465               5.18                    
304127000       19780514    4455               4.70                    
304127000       19790506    4915               4.87                    
304127000       19800409    5005               5.00                    
304127000       19810404    3585               4.41                    
304127000       19820420    5665               5.12                    
304127000       19830507    5635               5.11                    
304127000       19840610    5155               4.95                    
304127000       19850908    8155               5.95                    
304127000       19860929    9595               6.33                    
304127000       19870816   11005               6.70                    
304127000       19880404    5915               5.13                    
304127000       19890327    6915               5.44                    
