Z04106300                       USGS 
H04106300       4214460853430002626077SW0405000322.4           814.88           
N04106300       PORTAGE CREEK NEAR KALAMAZOO, MI
Y04106300       
304106300       19650304   90.0                2.85                    
304106300       19660816    107                3.15                    
304106300       19661208   97.0                2.98                    
304106300       19680625    180                3.60                    
304106300       19690717    122                2.882                   
304106300       19700719    177                3.49                    
304106300       19710715    101                2.87                    
304106300       19720823    103                2.922                   
304106300       19730422    120                3.05                    
304106300       19740516    126                3.11                    
304106300       19750418    206                3.81                    
304106300       19760425    163                3.46                    
304106300       19770224    109                2.89                    
304106300       19780626    290                4.49                    
304106300       19790607    150                3.35                    
304106300       19800607    153                3.37                    
304106300       19810831    166                3.56                    
304106300       19820717    258                3.98                    
304106300       19830502    181                2.22                    
304106300       19840316    178                2.16                    
304106300       19850224    168                2.11                    
304106300       19860716    196                2.25                    
304106300       19861003    203                2.20                    
304106300       19880923    188                2.21                    
304106300       19890530    407                3.09                    
304106300       19900515    137                1.892                   
304106300       19910702    212                2.30                    
304106300       19911026    164                2.04                    
304106300       19930420    212                2.24                    
304106300       19940624    172                2.18                    
304106300       19950409    127                1.89                    
304106300       19960422    122                1.83                    
304106300       19970621    279                2.73                    
304106300       19980721    131                1.91                    
304106300       19990423    152                2.03                    
304106300       20000518    163                2.08                    
304106300       20010822    2202                                       
304106300       20011014    142                1.95                    
304106300       20030404    122                1.84                    
304106300       20040509    164                2.08                    
304106300       20050113    158                2.17                    
304106300       20060313    107                1.87                    
304106300       20070819    142                2.08                    
304106300       20080914    398                3.43                    
