Z04103500                       USGS 
H04103500       4215530845750002626025SW04050003449            876.65           
N04103500       KALAMAZOO RIVER AT MARSHALL, MI
Y04103500       
304103500       19480322   1960                7.85                    
304103500       19490216   1600                7.41                    
304103500       19500329   2130                8.20                    
304103500       19510221   1030                6.38                    
304103500       19520416   1180                6.72                    
304103500       19530305    638                5.43                    
304103500       19540327    940                6.22                    
304103500       19541014    872                6.12                    
304103500       19560501   1300                6.73                    
304103500       19570428    724                5.53                    
304103500       19580301    701                5.48                    
304103500       19590403   1040                6.17                    
304103500       19600401   1110                6.32                    
304103500       19610426    970                6.04                    
304103500       19620322    920                5.83                    
304103500       19630319    688                5.44                    
304103500       19640404    480                4.93                    
304103500       19650307    746                5.54                    
304103500       19651227    682                5.41                    
304103500       19670407    644                5.47                    
304103500       19680630   1260                6.86                    
304103500       19690201    985                6.18                    
304103500       19700526    815                5.81                    
304103500       19710222   1280                6.90                    
304103500       19720419    744                5.71                    
304103500       19730102   1160                6.67                    
304103500       19740310   1260                6.86                    
304103500       19750901    954                6.23                    
304103500       19760305   1510                7.03                    
304103500       19770329    883                5.93                    
304103500       19780627   13002                                       
304103500       19790307   1250                6.30                    
304103500       19800318   1190                6.24                    
304103500       19810220   1170                6.44                    
304103500       20011017   1040                5.96                    
304103500       20030406    750                5.43                    
304103500       20040523    8325               5.59                    
304103500       20050115   13105               6.41                    
304103500       20060314    9515               5.81                    
304103500       20070106   10505               5.98                    
304103500       20080915   20305               7.89                    
304103500       20090312   15205               6.99                    
304103500       20100725   17705               7.44                    
304103500       20110529   12505               6.48                    
304103500       20111205   10005               5.88                    
304103500       20130420   1260                6.45                    
