Z04031500                       USGS 
H04031500       4622200894132002626053SW04020101171            1489.30          
N04031500       PRESQUE ISLE RIVER AT MARENISCO, MI
Y04031500       
304031500       19450327   1140                7.343                   
304031500       19460626   1860                9.403                   
304031500       19470413   1030                7.2713                   
304031500       19480412    518                5.863                   
304031500       19490507   1350                7.773                   
304031500       19500507   1750                8.45                    
304031500       19510429   2600                9.84                    
304031500       19520421   2670                9.90                    
304031500       19530621   1230                7.50                    
304031500       19540428   1680                8.29                    
304031500       19550411   1060                7.32                    
304031500       19560412    648                6.35                    
304031500       19570421   1540                8.17                    
304031500       19580703    762                7.00                    
304031500       19590923    559                6.232                   
304031500       19600425   3520               11.25                    
304031500       19610422   1040                7.37                    
304031500       19620525    662                6.58                    
304031500       19630403    975                7.37                    
304031500       19640510   1070                7.53                    
304031500       19650510   1620                8.38                    
304031500       19660319   10001                   2                   
304031500       19670418   1410                8.04                    
304031500       19680613    812                6.832                   
304031500       19690412   1220                7.72                    
304031500       19700601   1610                8.37                    
304031500       19710418   1700                8.52                    
304031500       19720818   1260                7.98                    
304031500       19730316   1050                7.342                   
304031500       19740422   1390                7.98                    
304031500       19750424   1470                8.12                    
304031500       19760416   1140                7.51                    
304031500       19770901    589                6.23                    
304031500       19780825   1180                7.60                    
304031500       19790423   1620                8.37                    
304031500       19800822    852                6.93                    
304031500       19810506    965                7.15                    
304031500       19820418   16501               9.041                   
