Z04134000                       USGS 
H04134000       4508300833621002626007SW04070006184            675.52           
N04134000       NORTH BRANCH THUNDER BAY RIVER NR BOLTON, MI
Y04134000       
304134000       19460315   1950                6.79                    
304134000       19470413   2330                7.00                    
304134000       19480323   1220                5.772                   
304134000       19490329    808                5.19                    
304134000       19500330   13001                   2                   
304134000       19510401   1260                5.81                    
304134000       19520416   1520                6.07                    
304134000       19530324   1140                5.63                    
304134000       19540409   1390                5.94                    
304134000       19550403    992                5.43                    
304134000       19560406   1740                6.37                    
304134000       19570427   1040                5.52                    
304134000       19580331    402                4.462                   
304134000       19590407   2020                6.71                    
304134000       19600415   1980                6.67                    
304134000       19610328    808                5.24                    
304134000       19620401   1670                6.36                    
304134000       19630401   1980                6.80                    
304134000       19640410    580                4.94                    
304134000       19650413   2920                7.85                    
304134000       19660316    660                5.022                   
304134000       19670402   2390                7.27                    
304134000       19680321   1010                5.632                   
304134000       19690409   1500                6.25                    
304134000       19700411   1370                6.09                    
304134000       19710413   2520                7.07                    
304134000       19720418   2640                7.18                    
304134000       19730804   1100                5.582                   
304134000       19740309   1320                5.382                   
304134000       19750420   2220                6.77                    
304134000       19760328   2950                7.46                    
304134000       19770317   1150                5.64                    
304134000       19780413   1530                6.07                    
304134000       19790324   1400                5.92                    
304134000       19800411   1770                6.32                    
