Z04116500                       USGS 
H04116500       4303100851553002626067SW04050006528            729.53           
N04116500       FLAT RIVER AT SMYRNA, MI
Y04116500       
304116500       19510223   16005               5.82                    
304116500       19520321   18005               6.20                    
304116500       19530315   13005               5.57                    
304116500       19540428   14105               5.69                    
304116500       19541003   15605               5.90                    
304116500       19560509   23805               6.75                    
304116500       19570722   18305               6.65                    
304116500       19571024   16305               5.99                    
304116500       19590404   25005               6.74                    
304116500       19600401   24605               6.81                    
304116500       19601205   15405               5.88                    
304116500       19620327   21305               6.52                    
304116500       19630327   16405               5.91                    
304116500       19640721   13305               5.92                    
304116500       19650412   30205               7.20                    
304116500       19660220   20405               6.25                    
304116500       19670422   31005               7.27                    
304116500       19680205   1550                5.742                   
304116500       19690128   1520                5.702                   
304116500       19700604   1220                5.362                   
304116500       19710319   1590                5.792                   
304116500       19720324   1220                5.382                   
304116500       19730102   2030                6.30                    
304116500       19740519   2120                6.402                   
304116500       19750903   2270                6.622                   
304116500       19760307   2680                7.192                   
304116500       19770314   1150                5.332                   
304116500       19780407   1720                6.102                   
304116500       19790323   1260                5.442                   
304116500       19800413   10701                                       
304116500       19810222   1240                5.41                    
304116500       19811002   2220                6.72                    
304116500       19821207   1340                5.60                    
304116500       19840529   1130                5.302                   
304116500       19850314   1730                5.922                   
304116500       19860913   4700                9.05                    
304116500       19930420   1580                5.90                    
304116500       19940221   19002               7.291                   
304116500       19941107   15002                                       
304116500       19960522   1380                5.612                   
304116500       19970223   1930                6.362                   
304116500       19980402   1150                5.28                    
304116500       19990425   1250                5.432                   
304116500       20000518   2020                6.282                   
304116500       20010212   1270                5.332                   
304116500       20020313   1520                5.61                    
304116500       20030322    897                4.802                   
304116500       20040512   2470                6.832                   
304116500       20050402   1860                6.052                   
304116500       20060315   1990                6.24                    
304116500       20070316   1690                5.822                   
304116500       20080413   1550                5.642                   
304116500       20090428   2180                6.422                   
304116500       20100314   16405               5.75                    
304116500       20110430   20805               6.30                    
304116500       20120304    948                4.89                    
304116500       20130420   31505               7.53                    
