Z04040000                       USGS 
H04040000       4643150891225002626131SW040201021340           638.72           
N04040000       ONTONAGON RIVER NEAR ROCKLAND, MI
Y04040000       
304040000       19420822  420005              28.60                    
304040000       19430506  126005              15.702                   
304040000       19440605  126005              15.69                    
304040000       19450522  128005              15.802                   
304040000       19460624  176005              18.48                    
304040000       19470423   99005              14.042                   
304040000       19480411   66005              11.852                   
304040000       19490706  179005              18.52                    
304040000       19500506  147005              16.732                   
304040000       19510624  165005              17.72                    
304040000       19520419  184005              18.78                    
304040000       19530804  195005              19.38                    
304040000       19540426  163005              17.65                    
304040000       19550917  143005              16.502                   
304040000       19560404  1200015                                      
304040000       19570420  143005              16.48                    
304040000       19580414   94605              13.56                    
304040000       19590408   88305              13.14                    
304040000       19600424  224005              20.82                    
304040000       19610328  118005              14.802                   
304040000       19620502   75205              12.112                   
304040000       19630401  177005              17.492                   
304040000       19640413  185005              17.74                    
304040000       19650509  133005              15.072                   
304040000       19660318  178005              16.972                   
304040000       19670331  176005              16.902                   
304040000       19680319  154005              15.97                    
304040000       19690410  146005              15.60                    
304040000       19700409   93505              12.95                    
304040000       19710412  200005              17.59                    
304040000       19720816  154005              15.96                    
304040000       19730510  153005              15.912                   
304040000       19740610  125005              14.542                   
304040000       19750423  190005              17.18                    
304040000       19760330  106005              13.542                   
304040000       19770329  107005              13.61                    
304040000       19780410   780015                                      
304040000       19790421  151005              15.82                    
304040000       19800821  106005              13.29                    
304040000       19810330  111005              13.56                    
304040000       19820417  185005              16.932                   
304040000       19830622  156005              15.60                    
304040000       19840413  103005              13.15                    
304040000       19850419  193005              17.25                    
304040000       19860401  264005              20.12                    
304040000       19870325   54905              10.512                   
304040000       19880406  128005              14.73                    
304040000       19881116  168005              16.45                    
304040000       19900315  168005              16.462                   
304040000       19910328   89405              12.822                   
304040000       19920703  239005              19.80                    
304040000       19930410   83905              12.522                   
304040000       19940617   96605              13.20                    
304040000       19950315   960025                                      
304040000       19960422  201005              17.71                    
304040000       19970406  181005              16.96                    
304040000       19980328  161005              16.18                    
304040000       19990401  122005              14.44                    
304040000       20000227   850025                  2                   
304040000       20010408  173005              16.65                    
304040000       20020417  278005              20.34                    
304040000       20030512  295005              20.90                    
304040000       20040419  225005              18.57                    
304040000       20050406  157005              16.002                   
304040000       20060401  138005              15.20                    
304040000       20070326  166005              16.35                    
304040000       20080417  141005              15.302                   
304040000       20090425  103005              13.52                    
304040000       20100924   85405              12.582                   
304040000       20110410   76705              12.082                   
304040000       20120317   88405              12.752                   
304040000       20130501  274005              21.96                    
