Z04150500                       USGS 
H04150500       4335030831034002626157SW04080205359            697.92           
N04150500       CASS RIVER AT CASS CITY, MI
Y04150500       
304150500       19480320   8460               15.80                    
304150500       19490215   2740               10.58                    
304150500       19500328   7250               14.31                    
304150500       19510227   4150               12.05                    
304150500       19520311   3300               11.21                    
304150500       19530503   2510                9.712                   
304150500       19540326   4240               11.85                    
304150500       19550311   2990               10.29                    
304150500       19560307   3710               11.19                    
304150500       19570407   1710                8.602                   
304150500       19580305   1280                7.992                   
304150500       19590404   3900               11.58                    
304150500       19600331   6810               14.41                    
304150500       19610927   1400                8.802                   
304150500       19620318   3980               11.67                    
304150500       19630326   3170               10.76                    
304150500       19640407    236                5.82                    
304150500       19650408   4820               12.522                   
304150500       19660304   2170                9.47                    
304150500       19670328   8280               15.39                    
304150500       19680202   6400               14.83                    
304150500       19690510   4020               11.71                    
304150500       19700422   2080                9.44                    
304150500       19710316   5160               12.86                    
304150500       19720322   5480               13.18                    
304150500       19730402   4870               12.572                   
304150500       19740305   5960               13.64                    
304150500       19750419   5460               13.16                    
304150500       19760306   6810               14.37                    
304150500       19770310   1610                8.851                   
304150500       19780324   4570               12.511                   
304150500       19790414   3640               11.272                   
304150500       19800318   2910               10.44                    
304150500       19810905   4400               13.00                    
304150500       19820331   5030               13.32                    
304150500       19830415   2980               10.53                    
304150500       19840618   5080               13.27                    
304150500       19850406   8650               15.61                    
304150500       19860912  12500               19.82                    
304150500       19870302   3120               10.99                    
304150500       19871221   2910               10.582                   
304150500       19890329   1720                8.812                   
304150500       19900313   4010               11.82                    
304150500       19910328   5010               13.10                    
304150500       19920417   5020               13.11                    
304150500       19930421   4390               12.41                    
304150500       19940220   37402              11.931                   
304150500       19950313   2210                9.60                    
304150500       19960521   8180               15.59                    
304150500       19970222   8450               15.81                    
304150500       20020310   4160               11.79                    
304150500       20030511   1600                8.642                   
304150500       20040306   6330               13.96                    
304150500       20050115   344012                                      
304150500       20060311   5110               12.78                    
304150500       20061202   3250               10.75                    
304150500       20080401   3100               10.58                    
304150500       20090212   7130               14.68                    
304150500       20100514   2900               10.34                    
304150500       20110429   5430               12.74                    
