Z04160900                       USGS 
H04160900       4239370832325002626125SW0409000379.2           940              
N04160900       CLINTON RIVER NEAR DRAYTON PLAINS, MI
Y04160900       
304160900       19600420    145                3.48                    
304160900       19610428    103                3.01                    
304160900       19620321    122                3.16                    
304160900       19630331   89.0                2.79                    
304160900       19640518   82.0                3.30                    
304160900       19650418    144                3.82                    
304160900       19660430    105                3.27                    
304160900       19670421    151                3.792                   
304160900       19680630    175                4.65                    
304160900       19690204    134                3.60                    
304160900       19700410    101                3.35                    
304160900       19710319    149                3.81                    
304160900       19720424    102                3.27                    
304160900       19730317    173                4.26                    
304160900       19740312    276                4.95                    
304160900       19750903    218                4.53                    
304160900       19760307    221                4.65                    
304160900       19770402    108                3.51                    
304160900       19780521    129                3.68                    
304160900       19790418    123                3.60                    
304160900       19800414    129                3.66                    
304160900       19810910    120                3.55                    
304160900       19811006    217                4.72                    
304160900       19830417    135                3.74                    
304160900       19840325    102                3.312                   
304160900       19850409    183                4.60                    
304160900       19860616    164                4.32                    
304160900       19861003    149                3.98                    
304160900       19871230    175                4.20                    
304160900       19890609    149                4.01                    
304160900       19900523    148                3.90                    
304160900       19901108    159                4.04                    
304160900       19920718    149                3.94                    
304160900       19930411    164                4.09                    
304160900       19940629    145                3.80                    
304160900       19950320    110                3.42                    
304160900       19960624    185                4.39                    
304160900       19970405    148                4.25                    
304160900       19980302    148                3.93                    
304160900       19990427    136                3.78                    
304160900       20000914    184                4.34                    
304160900       20010301    163                4.11                    
304160900       20011024    176                4.25                    
304160900       20030410    114                3.53                    
304160900       20040526    266                5.22                    
304160900       20050119    135                4.02                    
304160900       20060316    159                4.35                    
304160900       20070118    140                4.09                    
304160900       20080917    188                4.62                    
304160900       20090313    191                4.65                    
304160900       20100513    153                4.38                    
304160900       20110526    2102                                       
304160900       20120504    144                4.28                    
304160900       20130627    169                4.51                    
