Z04102700                       USGS 
H04102700       4221150861115002626159SW0405000283.6           610              
N04102700       SOUTH BRANCH BLACK RIVER NEAR BANGOR, MI
Y04102700       
304102700       19661209    662                9.75                    
304102700       19680202    681                9.92                    
304102700       19690131    5602                                       
304102700       19700407    524                8.49                    
304102700       19710221    4702                                       
304102700       19720314    521                8.40                    
304102700       19721231   1050               11.15                    
304102700       19740121    832               10.27                    
304102700       19750419   1680               13.16                    
304102700       19760222    694                9.77                    
304102700       19770310    488                8.12                    
304102700       19780627    803               10.52                    
304102700       19790305   1350               12.18                    
304102700       19800608    965               10.92                    
304102700       19810219   1170               11.56                    
304102700       19820314   1260               11.86                    
304102700       19821204    878               10.45                    
304102700       19840214    875               10.46                    
304102700       19850224   1400               12.34                    
304102700       19860930   1860               13.63                    
304102700       19861004   1430               12.43                    
304102700       19880407    726                9.64                    
304102700       19890602    586                9.09                    
304102700       19900311    814               10.35                    
304102700       19901128   1590               12.92                    
304102700       19911201    601                9.17                    
304102700       19930420    978               10.88                    
304102700       19940220   1220               11.90                    
304102700       19950115    528                8.74                    
304102700       19960618    579                9.05                    
304102700       19970221   2390               14.90                    
304102700       19980319    693                9.64                    
304102700       19990424    855               10.38                    
304102700       20000519    828               10.26                    
304102700       20010210   1120               11.42                    
304102700       20020310    855               10.38                    
304102700       20030405    499                8.53                    
304102700       20040306    741                9.87                    
304102700       20050113   1120               11.41                    
304102700       20060314    504                8.57                    
304102700       20070314    767                9.65                    
304102700       20080915   1950               13.78                    
304102700       20081228   2440               15.27                    
304102700       20091031   1070               10.86                    
304102700       20110428   1030               10.68                    
304102700       20120124    445                7.35                    
304102700       20130418   1530               12.72                    
