Z04046000                       USGS 
H04046000       4607050852155002626097SW0406010728             629.7            
N04046000       BLACK RIVER NEAR GARNET, MI
Y04046000       
304046000       19520418    171                5.19                    
304046000       19530324    234                5.60                    
304046000       19540416    252                5.66                    
304046000       19550414    203                5.16                    
304046000       19560409    2502                                       
304046000       19570420    690                7.95                    
304046000       19571119    148                4.48                    
304046000       19590416    239                5.37                    
304046000       19600507    860                8.55                    
304046000       19610623    151                4.23                    
304046000       19620428    195                4.64                    
304046000       19630404    218                4.83                    
304046000       19640413    202                4.70                    
304046000       19650506    189                4.58                    
304046000       19651127    228                4.92                    
304046000       19670401    381                6.50                    
304046000       19680404    195                4.64                    
304046000       19690413    277                5.31                    
304046000       19700921    487                7.05                    
304046000       19710417    507                6.76                    
304046000       19720426    372                5.96                    
304046000       19730312    169                4.40                    
304046000       19740610    287                5.38                    
304046000       19750423    234                5.00                    
304046000       19760404    269                5.28                    
304046000       19770401    209                4.73                    
304046000       19780514    239                5.01                    
304046000       19790426    397                6.12                    
304046000       19800409    380                6.01                    
304046000       19810404    209                4.96                    
304046000       19820425    161                4.58                    
304046000       19830415    188                4.82                    
304046000       19840627    238                5.15                    
304046000       19850421    430                6.98                    
304046000       19860402    253                5.30                    
304046000       19861013   98.0                3.70                    
304046000       19880406    288                5.83                    
304046000       19881106    182                4.80                    
304046000       19900516    168                4.662                   
304046000       19910416    404                7.06                    
304046000       19920422    168                4.85                    
304046000       19930504    154                4.69                    
304046000       19940416    204                5.22                    
304046000       19950428   90.0                3.92                    
304046000       19960422    243                5.44                    
304046000       19970501    164                4.85                    
304046000       19980401    120                4.28                    
304046000       19990406    160                4.64                    
304046000       20000309    147                4.46                    
304046000       20010413    301                5.81                    
304046000       20020417    227                5.49                    
304046000       20030420    292                6.03                    
304046000       20040404    176                4.86                    
304046000       20050406    169                4.72                    
304046000       20060412    100                4.07                    
304046000       20070326    158                4.60                    
304046000       20080418    202                5.20                    
304046000       20090421    131                4.32                    
304046000       20100924    240                5.38                    
304046000       20110427    156                4.58                    
304046000       20120618    149                4.56                    
304046000       20130719    203                5.07                    
